subj	subj_idx	item	condition	item_mem	Bmem	Bconf
50AG	1	29066	9	2	0	0
50AG	1	26004	6	3	1	6
50AG	1	19063	9	2	0	0
50AG	1	17003	7	3	1	6
50AG	1	25062	5	3	0	1
50AG	1	29012	9	1	0	0
50AG	1	18034	8	2	1	4
50AG	1	19008	9	1	0	0
50AG	1	29056	9	1	0	0
50AG	1	-15070	5	3	1	2
50AG	1	19054	9	1	0	0
50AG	1	28032	8	3	1	5
50AG	1	18025	8	2	1	6
50AG	1	19028	9	1	0	0
50AG	1	29038	9	1	0	0
50AG	1	28045	8	2	1	5
50AG	1	19003	9	1	0	0
50AG	1	27018	7	2	1	6
50AG	1	19073	9	1	0	0
50AG	1	29018	9	2	0	0
50AG	1	-16039	6	3	1	6
50AG	1	17009	7	2	1	6
50AG	1	-16043	6	3	1	3
50AG	1	19019	9	1	0	0
50AG	1	19017	9	1	0	0
50AG	1	-15005	5	3	0	1
50AG	1	28027	8	3	1	6
50AG	1	-16002	6	3	1	6
50AG	1	26054	6	2	1	4
50AG	1	19030	9	1	0	0
50AG	1	17057	7	3	1	4
50AG	1	28052	8	2	1	6
50AG	1	26034	6	3	1	6
50AG	1	17071	7	3	1	6
50AG	1	17030	7	2	1	6
50AG	1	29048	9	1	0	0
50AG	1	17035	7	1	1	4
50AG	1	18048	8	2	1	6
50AG	1	-15059	5	3	1	4
50AG	1	25024	5	3	1	6
50AG	1	-16021	6	3	1	6
50AG	1	18028	8	2	1	6
50AG	1	26019	6	3	1	5
50AG	1	25008	5	2	1	3
50AG	1	-15031	5	1	1	6
50AG	1	19029	9	1	0	0
50AG	1	-15019	5	2	1	6
50AG	1	-16063	6	1	1	6
50AG	1	29031	9	2	0	0
50AG	1	-15013	5	3	1	4
50AG	1	17067	7	2	1	3
50AG	1	19056	9	1	0	0
50AG	1	27022	7	2	1	6
50AG	1	18037	8	3	1	6
50AG	1	19070	9	2	0	0
50AG	1	18054	8	2	1	6
50AG	1	29085	9	2	0	0
50AG	1	29057	9	2	0	0
50AG	1	26011	6	3	0	2
50AG	1	26005	6	3	1	4
50AG	1	25010	5	3	1	5
50AG	1	28050	8	2	1	6
50AG	1	26071	6	2	1	6
50AG	1	-16049	6	3	1	6
50AG	1	28068	8	2	1	4
50AG	1	29059	9	2	0	0
50AG	1	18007	8	2	1	4
50AG	1	27065	7	3	1	4
50AG	1	27044	7	2	1	6
50AG	1	25015	5	3	1	3
50AG	1	18052	8	2	1	3
50AG	1	19034	9	1	0	0
50AG	1	29027	9	2	0	0
50AG	1	17015	7	2	1	4
50AG	1	18041	8	2	1	6
50AG	1	29043	9	1	0	0
50AG	1	18062	8	2	1	4
50AG	1	29042	9	1	0	0
50AG	1	26048	6	3	0	2
50AG	1	-15045	5	3	1	3
50AG	1	19059	9	1	0	0
50AG	1	29077	9	1	0	0
50AG	1	25030	5	3	1	3
50AG	1	25001	5	3	1	6
50AG	1	27038	7	2	0	1
50AG	1	25014	5	3	1	5
50AG	1	29045	9	1	0	0
50AG	1	28056	8	3	0	3
50AG	1	19045	9	1	0	0
50AG	1	27035	7	2	1	3
50AG	1	19021	9	1	0	0
50AG	1	-15056	5	3	0	1
50AG	1	27057	7	3	1	6
50AG	1	25042	5	3	1	4
50AG	1	-16024	6	3	1	6
50AG	1	27025	7	2	1	6
50AG	1	19067	9	1	0	0
50AG	1	19078	9	1	0	0
50AG	1	27040	7	2	1	6
50AG	1	28063	8	2	1	4
50AG	1	-16066	6	3	1	4
50AG	1	-15017	5	3	1	4
50AG	1	17011	7	2	1	6
50AG	1	26060	6	3	1	3
50AG	1	29054	9	2	0	0
50AG	1	29001	9	1	0	0
50AG	1	29074	9	2	0	0
50AG	1	26069	6	3	1	6
51CM	2	29056	9	1	0	0
51CM	2	19083	9	1	0	0
51CM	2	26010	6	1	0	3
51CM	2	29057	9	1	0	0
51CM	2	29012	9	1	0	0
51CM	2	28046	8	2	1	4
51CM	2	25031	5	1	1	1
51CM	2	18055	8	1	1	2
51CM	2	19028	9	1	0	0
51CM	2	26055	6	3	1	4
51CM	2	27059	7	1	0	3
51CM	2	28035	8	2	1	5
51CM	2	-15005	5	3	1	6
51CM	2	17018	7	3	1	6
51CM	2	26044	6	2	1	4
51CM	2	-16031	6	3	1	3
51CM	2	29038	9	1	0	0
51CM	2	-15028	5	1	1	1
51CM	2	26016	6	1	1	5
51CM	2	19013	9	1	0	0
51CM	2	17034	7	2	1	3
51CM	2	28018	8	1	1	6
51CM	2	26023	6	3	1	4
51CM	2	29052	9	1	0	0
51CM	2	27048	7	2	1	3
51CM	2	25050	5	1	1	1
51CM	2	-15066	5	1	0	0
51CM	2	29024	9	2	0	0
51CM	2	18044	8	1	0	3
51CM	2	25006	5	3	1	4
51CM	2	19017	9	1	0	0
51CM	2	17059	7	3	1	6
51CM	2	26064	6	3	0	2
51CM	2	-16004	6	1	1	6
51CM	2	28027	8	1	1	3
51CM	2	29018	9	2	0	0
51CM	2	28039	8	2	1	6
51CM	2	27058	7	3	1	6
51CM	2	-15030	5	1	1	6
51CM	2	29036	9	1	0	0
51CM	2	19074	9	1	0	0
51CM	2	19002	9	2	0	0
51CM	2	27042	7	3	0	1
51CM	2	29074	9	2	0	0
51CM	2	29087	9	2	0	0
51CM	2	17063	7	1	0	2
51CM	2	19050	9	2	0	0
51CM	2	28051	8	1	1	1
51CM	2	17001	7	1	1	2
51CM	2	18013	8	1	1	4
51CM	2	25008	5	1	0	3
51CM	2	29068	9	2	0	0
51CM	2	-15020	5	1	1	4
51CM	2	-16069	6	3	0	2
51CM	2	19016	9	1	0	0
51CM	2	19037	9	1	0	0
51CM	2	-16061	6	2	1	4
51CM	2	28034	8	1	1	6
51CM	2	18054	8	2	1	2
51CM	2	18039	8	1	0	3
51CM	2	19039	9	1	0	0
51CM	2	28026	8	1	1	3
51CM	2	19003	9	1	0	0
51CM	2	-16011	6	1	0	1
51CM	2	-16071	6	1	1	2
51CM	2	25037	5	1	1	3
51CM	2	29043	9	2	0	0
51CM	2	27029	7	1	0	3
51CM	2	29045	9	2	0	0
51CM	2	-15015	5	3	1	1
51CM	2	17021	7	2	1	4
51CM	2	25062	5	1	1	3
51CM	2	17024	7	3	1	6
51CM	2	18041	8	1	1	2
51CM	2	25020	5	3	1	4
51CM	2	18038	8	1	1	6
51CM	2	-15025	5	1	1	3
51CM	2	29050	9	1	0	0
51CM	2	19089	9	2	0	0
51CM	2	27054	7	1	1	5
51CM	2	19062	9	1	0	0
51CM	2	26071	6	1	1	4
51CM	2	17057	7	2	0	1
51CM	2	-15009	5	1	1	1
51CM	2	29026	9	1	0	0
51CM	2	28069	8	1	1	5
51CM	2	-16068	6	1	1	5
51CM	2	25068	5	3	1	6
51CM	2	-15008	5	3	1	4
51CM	2	26021	6	3	1	3
51CM	2	17049	7	1	1	5
51CM	2	27003	7	1	0	4
51CM	2	18045	8	2	1	4
51CM	2	29063	9	1	0	0
51CM	2	25001	5	3	0	4
51CM	2	19032	9	2	0	0
51CM	2	19041	9	1	0	0
51CM	2	28011	8	2	0	5
51CM	2	27014	7	2	1	3
51CM	2	19051	9	2	0	0
51CM	2	-16047	6	1	1	3
51CM	2	-16036	6	3	1	3
51CM	2	27066	7	1	0	5
51CM	2	19057	9	1	0	0
51CM	2	29082	9	1	0	0
51CM	2	-16052	6	3	1	3
51CM	2	19060	9	1	0	0
51CM	2	29003	9	2	0	0
52TZ	3	29085	9	1	0	0
52TZ	3	28066	8	3	1	4
52TZ	3	-15044	5	1	1	4
52TZ	3	-15045	5	1	0	1
52TZ	3	19052	9	2	0	0
52TZ	3	29062	9	3	0	0
52TZ	3	17071	7	2	0	3
52TZ	3	29018	9	1	0	0
52TZ	3	-16054	6	1	0	2
52TZ	3	28030	8	2	0	1
52TZ	3	-16036	6	3	1	1
52TZ	3	29080	9	2	0	0
52TZ	3	25027	5	3	0	4
52TZ	3	26008	6	2	1	1
52TZ	3	17026	7	2	0	3
52TZ	3	28016	8	1	0	4
52TZ	3	18055	8	2	0	1
52TZ	3	29023	9	1	0	0
52TZ	3	28006	8	2	0	2
52TZ	3	-16001	6	1	1	4
52TZ	3	18022	8	1	1	3
52TZ	3	25020	5	1	0	4
52TZ	3	28001	8	2	0	2
52TZ	3	28070	8	1	0	2
52TZ	3	29068	9	2	0	0
52TZ	3	27042	7	1	0	1
52TZ	3	19086	9	1	0	0
52TZ	3	27017	7	1	0	1
52TZ	3	19050	9	1	0	0
52TZ	3	25056	5	3	0	4
52TZ	3	26060	6	2	1	1
52TZ	3	25048	5	3	0	4
52TZ	3	29010	9	1	0	0
52TZ	3	26026	6	2	1	3
52TZ	3	29040	9	1	0	0
52TZ	3	27061	7	2	0	4
52TZ	3	-16060	6	1	0	1
52TZ	3	17050	7	1	0	1
52TZ	3	27037	7	1	0	1
52TZ	3	19066	9	2	0	0
52TZ	3	27035	7	2	0	1
52TZ	3	-15029	5	1	0	4
52TZ	3	29001	9	1	0	0
52TZ	3	25003	5	1	0	1
52TZ	3	29007	9	1	0	0
52TZ	3	19016	9	1	0	0
52TZ	3	-16064	6	2	0	1
52TZ	3	-16047	6	3	0	3
52TZ	3	-15038	5	1	1	1
52TZ	3	27058	7	3	1	4
52TZ	3	29074	9	2	0	0
52TZ	3	18039	8	1	0	1
52TZ	3	19015	9	1	0	0
52TZ	3	19020	9	1	0	0
52TZ	3	19089	9	1	0	0
52TZ	3	26052	6	2	0	1
52TZ	3	26033	6	3	0	1
52TZ	3	26010	6	2	0	2
52TZ	3	18070	8	1	0	1
52TZ	3	19079	9	1	0	0
52TZ	3	-15058	5	2	1	4
52TZ	3	19024	9	1	0	0
52TZ	3	28053	8	1	1	1
52TZ	3	18061	8	1	0	4
52TZ	3	17066	7	3	0	3
52TZ	3	-16005	6	1	0	4
52TZ	3	29003	9	2	0	0
52TZ	3	28043	8	1	0	4
52TZ	3	19022	9	3	0	0
52TZ	3	-15068	5	3	0	1
52TZ	3	28012	8	1	1	1
52TZ	3	19065	9	1	0	0
52TZ	3	-15041	5	1	0	4
52TZ	3	29050	9	1	0	0
52TZ	3	25014	5	1	1	1
52TZ	3	19009	9	1	0	0
52TZ	3	-15020	5	1	1	4
52TZ	3	27021	7	3	0	1
52TZ	3	29070	9	1	0	0
52TZ	3	-16023	6	2	0	3
52TZ	3	18015	8	2	0	4
52TZ	3	19085	9	1	0	0
52TZ	3	29065	9	3	0	0
52TZ	3	19083	9	1	0	0
52TZ	3	18007	8	1	1	1
52TZ	3	18018	8	3	1	1
52TZ	3	27063	7	1	0	3
52TZ	3	19025	9	1	0	0
52TZ	3	-15052	5	3	0	1
52TZ	3	17027	7	2	0	1
52TZ	3	19088	9	2	0	0
52TZ	3	-16010	6	3	1	4
52TZ	3	29086	9	3	0	0
52TZ	3	19051	9	1	0	0
52TZ	3	29013	9	2	0	0
52TZ	3	26045	6	2	1	1
52TZ	3	17032	7	1	0	1
52TZ	3	25049	5	2	1	4
52TZ	3	-15003	5	3	0	4
52TZ	3	27032	7	3	1	2
52TZ	3	27023	7	2	1	1
52TZ	3	26072	6	1	0	1
52TZ	3	26040	6	3	1	4
52TZ	3	29066	9	1	0	0
52TZ	3	25068	5	1	0	3
52TZ	3	17013	7	3	0	4
52TZ	3	17034	7	2	0	3
52TZ	3	18012	8	1	0	1
53AC	4	19051	9	1	0	0
53AC	4	19042	9	1	0	0
53AC	4	29002	9	1	0	0
53AC	4	17053	7	3	1	3
53AC	4	19021	9	1	0	0
53AC	4	17028	7	3	0	6
53AC	4	18005	8	2	0	3
53AC	4	19003	9	1	0	0
53AC	4	29054	9	1	0	0
53AC	4	19029	9	1	0	0
53AC	4	17021	7	1	0	6
53AC	4	28052	8	2	0	4
53AC	4	29045	9	1	0	0
53AC	4	19039	9	2	0	0
53AC	4	19070	9	1	0	0
53AC	4	-15039	5	2	1	6
53AC	4	27039	7	1	0	4
53AC	4	19030	9	1	0	0
53AC	4	18050	8	1	1	6
53AC	4	26065	6	2	0	6
53AC	4	29039	9	1	0	0
53AC	4	28061	8	2	1	6
53AC	4	-16067	6	3	0	5
53AC	4	29071	9	1	0	0
53AC	4	17011	7	3	1	5
53AC	4	25007	5	2	0	5
53AC	4	25037	5	2	1	6
53AC	4	26016	6	1	1	4
53AC	4	17010	7	1	1	6
53AC	4	-15002	5	2	0	6
53AC	4	27024	7	1	1	6
53AC	4	18029	8	2	1	6
53AC	4	27058	7	2	0	6
53AC	4	19001	9	1	0	0
53AC	4	-16003	6	1	1	6
53AC	4	29022	9	1	0	0
53AC	4	-16048	6	1	1	6
53AC	4	-15046	5	2	1	6
53AC	4	29081	9	1	0	0
53AC	4	-16016	6	3	0	5
53AC	4	-16024	6	1	0	5
53AC	4	-15043	5	1	1	4
53AC	4	28046	8	3	1	4
53AC	4	29088	9	1	0	0
53AC	4	18018	8	2	1	6
53AC	4	-15055	5	1	0	4
53AC	4	26030	6	2	0	4
53AC	4	29063	9	1	0	0
53AC	4	28012	8	2	0	4
53AC	4	25059	5	2	0	4
53AC	4	17065	7	1	0	4
53AC	4	26043	6	2	0	5
53AC	4	18013	8	1	0	6
53AC	4	25004	5	1	1	4
53AC	4	19031	9	2	0	0
53AC	4	27047	7	2	0	6
53AC	4	28063	8	1	0	6
53AC	4	25001	5	3	1	6
53AC	4	28071	8	1	0	6
53AC	4	19060	9	1	0	0
53AC	4	26034	6	1	0	6
53AC	4	26055	6	2	0	6
53AC	4	29058	9	1	0	0
53AC	4	27014	7	3	0	4
53AC	4	29020	9	1	0	0
53AC	4	17061	7	2	0	4
53AC	4	17038	7	2	1	6
53AC	4	-16042	6	3	0	6
53AC	4	19050	9	1	0	0
53AC	4	29006	9	1	0	0
53AC	4	-16032	6	3	0	6
53AC	4	25053	5	1	0	5
53AC	4	25021	5	3	0	4
53AC	4	29030	9	1	0	0
53AC	4	17033	7	3	0	6
53AC	4	17036	7	2	0	6
53AC	4	18071	8	1	0	6
53AC	4	19043	9	2	0	0
53AC	4	18019	8	3	0	6
53AC	4	19058	9	2	0	0
53AC	4	29053	9	3	0	0
53AC	4	26020	6	2	0	5
53AC	4	29052	9	2	0	0
53AC	4	27050	7	2	1	4
53AC	4	-15052	5	1	0	6
53AC	4	25041	5	3	1	4
53AC	4	-15026	5	1	1	6
53AC	4	29019	9	1	0	0
53AC	4	26018	6	3	0	6
53AC	4	28036	8	2	0	5
53AC	4	-15069	5	3	1	6
53AC	4	27010	7	1	0	5
53AC	4	26032	6	2	0	4
53AC	4	28070	8	1	0	6
53AC	4	19087	9	3	0	0
53AC	4	19035	9	1	0	0
53AC	4	29061	9	1	0	0
53AC	4	27027	7	1	0	3
53AC	4	18007	8	2	0	5
53AC	4	19010	9	1	0	0
53AC	4	25006	5	2	0	6
53AC	4	18063	8	1	0	4
53AC	4	-16058	6	3	0	5
53AC	4	29072	9	1	0	0
53AC	4	19072	9	1	0	0
53AC	4	25025	5	1	1	6
53AC	4	26067	6	1	0	6
53AC	4	18059	8	1	1	5
54HW	5	29034	9	1	0	0
54HW	5	25003	5	3	1	4
54HW	5	29060	9	1	0	0
54HW	5	26005	6	3	0	5
54HW	5	28036	8	2	0	1
54HW	5	25016	5	3	1	4
54HW	5	18016	8	1	1	3
54HW	5	19080	9	1	0	0
54HW	5	29020	9	1	0	0
54HW	5	-15027	5	3	1	3
54HW	5	29023	9	1	0	0
54HW	5	17069	7	1	1	1
54HW	5	-15038	5	1	0	1
54HW	5	26018	6	3	0	1
54HW	5	25040	5	3	1	1
54HW	5	18055	8	2	0	2
54HW	5	29039	9	1	0	0
54HW	5	28038	8	2	1	5
54HW	5	19051	9	1	0	0
54HW	5	27034	7	2	1	4
54HW	5	28032	8	3	1	1
54HW	5	25046	5	3	0	2
54HW	5	-15053	5	3	0	1
54HW	5	29005	9	2	0	0
54HW	5	29074	9	1	0	0
54HW	5	19019	9	1	0	0
54HW	5	17051	7	2	0	1
54HW	5	-16065	6	3	0	1
54HW	5	-16017	6	3	1	1
54HW	5	17014	7	2	1	1
54HW	5	26007	6	3	1	1
54HW	5	17029	7	3	0	1
54HW	5	18032	8	3	0	1
54HW	5	17071	7	2	0	2
54HW	5	29019	9	1	0	0
54HW	5	25065	5	3	0	5
54HW	5	19037	9	1	0	0
54HW	5	25061	5	2	1	1
54HW	5	-16063	6	3	0	1
54HW	5	29053	9	1	0	0
54HW	5	28020	8	2	0	1
54HW	5	27012	7	3	0	1
54HW	5	26056	6	3	0	2
54HW	5	26052	6	3	1	6
54HW	5	28014	8	2	0	1
54HW	5	19060	9	1	0	0
54HW	5	-16035	6	1	0	3
54HW	5	19027	9	2	0	0
54HW	5	28064	8	1	0	1
54HW	5	19039	9	1	0	0
54HW	5	19077	9	1	0	0
54HW	5	19004	9	1	0	0
54HW	5	27030	7	1	0	1
54HW	5	27067	7	2	0	4
54HW	5	19002	9	2	0	0
54HW	5	29015	9	1	0	0
54HW	5	19062	9	1	0	0
54HW	5	18034	8	1	0	2
54HW	5	25059	5	2	0	1
54HW	5	-16026	6	1	0	3
54HW	5	17061	7	1	1	1
54HW	5	-15007	5	2	0	1
54HW	5	-16006	6	3	0	3
54HW	5	-15019	5	3	0	3
54HW	5	29084	9	1	0	0
54HW	5	-15048	5	2	1	1
54HW	5	18011	8	2	0	1
54HW	5	29052	9	1	0	0
54HW	5	26023	6	3	1	1
54HW	5	29009	9	1	0	0
54HW	5	17057	7	3	0	2
54HW	5	-15041	5	3	1	2
54HW	5	19013	9	1	0	0
54HW	5	27070	7	1	0	3
54HW	5	19028	9	1	0	0
54HW	5	19016	9	1	0	0
54HW	5	19029	9	1	0	0
54HW	5	26021	6	1	0	1
54HW	5	18003	8	2	1	2
54HW	5	27050	7	1	0	1
54HW	5	26028	6	2	0	2
54HW	5	19011	9	1	0	0
54HW	5	28048	8	2	1	1
54HW	5	19021	9	1	0	0
54HW	5	19082	9	1	0	0
54HW	5	-16039	6	2	0	1
54HW	5	-16045	6	3	1	5
54HW	5	26054	6	2	0	3
54HW	5	18060	8	2	0	1
54HW	5	-15043	5	2	0	3
54HW	5	29086	9	1	0	0
54HW	5	25025	5	3	0	2
54HW	5	27009	7	2	1	4
54HW	5	27058	7	3	0	1
54HW	5	18021	8	2	0	2
54HW	5	18010	8	1	1	1
54HW	5	26072	6	1	1	6
54HW	5	17023	7	1	1	6
54HW	5	29068	9	1	0	0
54HW	5	29067	9	1	0	0
54HW	5	29030	9	1	0	0
54HW	5	28001	8	2	1	4
54HW	5	18049	8	1	0	3
54HW	5	25043	5	3	0	5
54HW	5	17001	7	2	1	2
54HW	5	29002	9	1	0	0
54HW	5	27041	7	1	0	1
54HW	5	-15067	5	3	1	5
55JB	6	29066	9	1	0	0
55JB	6	25034	5	3	1	6
55JB	6	29073	9	1	0	0
55JB	6	29058	9	1	0	0
55JB	6	28038	8	3	1	6
55JB	6	-16020	6	3	1	5
55JB	6	19033	9	2	0	0
55JB	6	29067	9	1	0	0
55JB	6	18005	8	2	1	4
55JB	6	28069	8	1	1	4
55JB	6	28030	8	2	1	4
55JB	6	19068	9	2	0	0
55JB	6	-16041	6	3	1	5
55JB	6	25066	5	3	1	6
55JB	6	29005	9	1	0	0
55JB	6	26039	6	2	1	6
55JB	6	19016	9	1	0	0
55JB	6	18045	8	2	1	6
55JB	6	26054	6	2	1	6
55JB	6	27043	7	2	1	6
55JB	6	25036	5	3	0	4
55JB	6	26007	6	3	0	3
55JB	6	29059	9	2	0	0
55JB	6	19077	9	1	0	0
55JB	6	29084	9	1	0	0
55JB	6	26003	6	3	0	2
55JB	6	-15056	5	3	0	4
55JB	6	18058	8	3	1	6
55JB	6	26013	6	3	1	5
55JB	6	17013	7	2	0	4
55JB	6	29009	9	1	0	0
55JB	6	-15066	5	3	0	6
55JB	6	27049	7	2	1	6
55JB	6	29039	9	1	0	0
55JB	6	29077	9	1	0	0
55JB	6	-16025	6	2	1	6
55JB	6	19024	9	1	0	0
55JB	6	27023	7	2	0	3
55JB	6	25045	5	3	1	5
55JB	6	17035	7	2	1	3
55JB	6	17069	7	2	0	2
55JB	6	18023	8	2	0	4
55JB	6	19038	9	3	0	0
55JB	6	-15053	5	3	0	6
55JB	6	17017	7	2	1	5
55JB	6	17037	7	2	0	6
55JB	6	18011	8	2	1	6
55JB	6	19053	9	1	0	0
55JB	6	28017	8	2	1	6
55JB	6	17050	7	2	1	5
55JB	6	19028	9	1	0	0
55JB	6	25011	5	2	0	6
55JB	6	25031	5	3	1	6
55JB	6	-16027	6	2	1	4
55JB	6	29003	9	2	0	0
55JB	6	29023	9	1	0	0
55JB	6	27010	7	2	0	5
55JB	6	17060	7	2	1	5
55JB	6	25057	5	3	1	6
55JB	6	-16033	6	3	1	6
55JB	6	18062	8	2	1	6
55JB	6	19023	9	1	0	0
55JB	6	19030	9	1	0	0
55JB	6	-15029	5	1	0	5
55JB	6	-15068	5	3	1	2
55JB	6	27042	7	2	0	3
55JB	6	19062	9	1	0	0
55JB	6	25064	5	3	1	5
55JB	6	18001	8	3	1	6
55JB	6	29080	9	2	0	0
55JB	6	26055	6	3	1	6
55JB	6	29079	9	2	0	0
55JB	6	18040	8	3	1	4
55JB	6	28061	8	1	1	6
55JB	6	25002	5	3	1	6
55JB	6	19001	9	1	0	0
55JB	6	17051	7	2	1	6
55JB	6	25048	5	3	1	5
55JB	6	26052	6	3	0	3
55JB	6	28019	8	2	1	3
55JB	6	29068	9	1	0	0
55JB	6	-16021	6	3	1	5
55JB	6	-15008	5	3	1	6
55JB	6	19039	9	1	0	0
55JB	6	27026	7	2	1	5
55JB	6	19048	9	1	0	0
55JB	6	26006	6	3	1	6
55JB	6	-16015	6	2	0	5
55JB	6	-16031	6	1	1	4
55JB	6	19073	9	1	0	0
55JB	6	29070	9	1	0	0
55JB	6	19065	9	1	0	0
55JB	6	17004	7	2	1	4
55JB	6	19046	9	1	0	0
55JB	6	-16072	6	3	1	6
55JB	6	-15047	5	3	1	5
55JB	6	17063	7	2	1	6
55JB	6	27027	7	2	1	3
55JB	6	29014	9	1	0	0
55JB	6	25068	5	3	1	2
55JB	6	28021	8	2	1	4
55JB	6	17009	7	2	1	5
55JB	6	28072	8	2	1	6
55JB	6	29053	9	1	0	0
55JB	6	28060	8	1	1	6
55JB	6	18043	8	2	1	6
55JB	6	26016	6	3	0	3
55JB	6	19014	9	1	0	0
56SJ	7	19075	9	2	0	0
56SJ	7	25009	5	3	0	1
56SJ	7	-16037	6	3	1	6
56SJ	7	29006	9	1	0	0
56SJ	7	17013	7	2	0	4
56SJ	7	29080	9	2	0	0
56SJ	7	29068	9	1	0	0
56SJ	7	18060	8	2	0	1
56SJ	7	29002	9	1	0	0
56SJ	7	25014	5	3	1	6
56SJ	7	19070	9	2	0	0
56SJ	7	26047	6	3	0	2
56SJ	7	27057	7	3	1	5
56SJ	7	-16010	6	3	1	3
56SJ	7	29065	9	1	0	0
56SJ	7	18029	8	3	1	6
56SJ	7	18024	8	1	1	6
56SJ	7	27067	7	3	1	6
56SJ	7	19090	9	1	0	0
56SJ	7	-15048	5	3	1	4
56SJ	7	-15018	5	3	0	1
56SJ	7	26039	6	3	0	4
56SJ	7	26070	6	2	1	5
56SJ	7	18063	8	2	1	6
56SJ	7	29075	9	1	0	0
56SJ	7	-15019	5	3	1	6
56SJ	7	26005	6	2	1	5
56SJ	7	25028	5	3	0	3
56SJ	7	17004	7	2	0	2
56SJ	7	25032	5	3	1	2
56SJ	7	19067	9	1	0	0
56SJ	7	18026	8	2	1	5
56SJ	7	29022	9	1	0	0
56SJ	7	17008	7	3	1	5
56SJ	7	27052	7	2	1	2
56SJ	7	25062	5	2	0	5
56SJ	7	26045	6	3	0	5
56SJ	7	18049	8	2	1	5
56SJ	7	29083	9	2	0	0
56SJ	7	27033	7	2	1	6
56SJ	7	19088	9	2	0	0
56SJ	7	29033	9	1	0	0
56SJ	7	29024	9	2	0	0
56SJ	7	19055	9	2	0	0
56SJ	7	28026	8	3	0	4
56SJ	7	-16001	6	3	0	5
56SJ	7	17053	7	2	1	5
56SJ	7	18040	8	2	1	4
56SJ	7	29030	9	2	0	0
56SJ	7	25024	5	3	1	4
56SJ	7	26072	6	3	0	2
56SJ	7	29058	9	1	0	0
56SJ	7	28030	8	2	0	5
56SJ	7	17006	7	2	0	4
56SJ	7	29038	9	2	0	0
56SJ	7	19017	9	1	0	0
56SJ	7	29047	9	1	0	0
56SJ	7	17062	7	2	0	5
56SJ	7	19013	9	2	0	0
56SJ	7	28021	8	2	0	2
56SJ	7	29032	9	2	0	0
56SJ	7	19086	9	2	0	0
56SJ	7	27003	7	2	0	6
56SJ	7	18016	8	2	1	6
56SJ	7	17035	7	2	1	6
56SJ	7	25016	5	3	1	6
56SJ	7	-16032	6	3	1	1
56SJ	7	19074	9	2	0	0
56SJ	7	-16043	6	2	1	5
56SJ	7	18021	8	1	0	2
56SJ	7	28064	8	2	1	2
56SJ	7	19001	9	1	0	0
56SJ	7	19019	9	1	0	0
56SJ	7	26055	6	3	0	4
56SJ	7	29011	9	1	0	0
56SJ	7	18055	8	3	1	6
56SJ	7	-15071	5	2	1	4
56SJ	7	-16033	6	3	1	4
56SJ	7	29072	9	1	0	0
56SJ	7	19048	9	1	0	0
56SJ	7	26018	6	1	0	4
56SJ	7	17066	7	2	0	2
56SJ	7	29045	9	1	0	0
56SJ	7	-15042	5	3	1	6
56SJ	7	25012	5	3	1	6
56SJ	7	-15067	5	3	0	2
56SJ	7	17045	7	2	1	6
56SJ	7	28035	8	1	0	1
56SJ	7	26042	6	2	1	2
56SJ	7	28065	8	3	0	1
56SJ	7	19060	9	1	0	0
56SJ	7	19087	9	3	0	0
56SJ	7	19082	9	1	0	0
56SJ	7	-15051	5	3	1	5
56SJ	7	28059	8	2	1	6
56SJ	7	-16058	6	3	0	6
56SJ	7	27008	7	2	0	5
56SJ	7	26050	6	3	1	5
56SJ	7	27053	7	2	0	5
56SJ	7	25020	5	3	0	6
56SJ	7	-15012	5	3	1	6
56SJ	7	19045	9	2	0	0
56SJ	7	27002	7	2	1	5
56SJ	7	-15070	5	3	1	3
56SJ	7	26043	6	3	1	6
56SJ	7	27037	7	1	1	6
56SJ	7	18027	8	2	1	6
56SJ	7	19021	9	1	0	0
57AK	8	19010	9	1	0	0
57AK	8	18063	8	2	0	6
57AK	8	29072	9	1	0	0
57AK	8	17016	7	1	0	4
57AK	8	19073	9	1	0	0
57AK	8	-15045	5	2	0	3
57AK	8	26017	6	1	0	3
57AK	8	29083	9	1	0	0
57AK	8	-15036	5	3	1	6
57AK	8	29035	9	1	0	0
57AK	8	18047	8	2	1	3
57AK	8	-15052	5	3	0	4
57AK	8	28052	8	2	0	3
57AK	8	25030	5	3	0	5
57AK	8	26002	6	3	0	4
57AK	8	29059	9	2	0	0
57AK	8	29031	9	2	0	0
57AK	8	19055	9	1	0	0
57AK	8	17049	7	2	0	5
57AK	8	18039	8	2	1	4
57AK	8	28009	8	2	0	3
57AK	8	25019	5	3	0	2
57AK	8	-15027	5	3	0	4
57AK	8	27037	7	2	1	6
57AK	8	-16070	6	2	0	4
57AK	8	19054	9	1	0	0
57AK	8	25016	5	3	1	3
57AK	8	19008	9	1	0	0
57AK	8	25032	5	3	1	3
57AK	8	17023	7	2	1	4
57AK	8	29079	9	1	0	0
57AK	8	17034	7	2	0	3
57AK	8	28068	8	1	0	4
57AK	8	19018	9	1	0	0
57AK	8	19029	9	1	0	0
57AK	8	17002	7	2	0	5
57AK	8	19022	9	1	0	0
57AK	8	27066	7	2	1	3
57AK	8	26055	6	2	0	3
57AK	8	18041	8	1	0	4
57AK	8	-15062	5	2	1	4
57AK	8	28035	8	2	0	5
57AK	8	27054	7	2	0	4
57AK	8	26039	6	3	0	3
57AK	8	18057	8	2	0	4
57AK	8	-16006	6	3	0	3
57AK	8	29046	9	1	0	0
57AK	8	27007	7	2	1	6
57AK	8	29044	9	1	0	0
57AK	8	26026	6	3	0	4
57AK	8	-16043	6	2	1	2
57AK	8	29017	9	2	0	0
57AK	8	-16003	6	3	0	4
57AK	8	19088	9	2	0	0
57AK	8	29082	9	1	0	0
57AK	8	26022	6	2	0	4
57AK	8	-16038	6	3	0	1
57AK	8	19065	9	1	0	0
57AK	8	19009	9	1	0	0
57AK	8	29087	9	1	0	0
57AK	8	-16053	6	2	1	3
57AK	8	-15019	5	3	0	4
57AK	8	27059	7	3	0	4
57AK	8	26014	6	3	1	2
57AK	8	25028	5	3	0	2
57AK	8	29034	9	1	0	0
57AK	8	29049	9	0	0	0
57AK	8	27043	7	1	0	4
57AK	8	26069	6	2	1	4
57AK	8	29065	9	3	0	0
57AK	8	17008	7	2	0	3
57AK	8	29070	9	2	0	0
57AK	8	17022	7	2	0	4
57AK	8	29086	9	1	0	0
57AK	8	26034	6	3	1	3
57AK	8	27050	7	2	0	2
57AK	8	28012	8	3	0	3
57AK	8	17012	7	3	0	4
57AK	8	19090	9	1	0	0
57AK	8	18072	8	1	0	3
57AK	8	19063	9	1	0	0
57AK	8	18025	8	2	1	3
57AK	8	18029	8	2	0	3
57AK	8	28057	8	2	1	6
57AK	8	19078	9	2	0	0
57AK	8	-16066	6	2	1	4
57AK	8	19083	9	1	0	0
57AK	8	29068	9	1	0	0
57AK	8	19053	9	2	0	0
57AK	8	18014	8	2	1	3
57AK	8	25005	5	3	0	4
57AK	8	-15060	5	2	0	6
57AK	8	28061	8	2	1	4
57AK	8	25071	5	1	1	3
57AK	8	25042	5	3	0	3
57AK	8	27024	7	3	0	2
57AK	8	28003	8	2	0	3
57AK	8	-15010	5	3	1	3
57AK	8	17018	7	3	1	4
57AK	8	19087	9	0	0	0
57AK	8	25047	5	3	0	4
57AK	8	-16055	6	3	1	3
57AK	8	26064	6	2	0	4
57AK	8	17031	7	2	0	3
57AK	8	29025	9	3	0	0
57AK	8	19028	9	1	0	0
57AK	8	18067	8	2	0	4
57AK	8	25045	5	3	0	4
58AR	9	19002	9	2	0	0
58AR	9	25014	5	1	0	6
58AR	9	26039	6	1	1	5
58AR	9	27038	7	2	0	5
58AR	9	19071	9	1	0	0
58AR	9	17033	7	3	0	6
58AR	9	27046	7	2	0	3
58AR	9	28018	8	1	1	6
58AR	9	28063	8	2	0	6
58AR	9	19024	9	1	0	0
58AR	9	26025	6	1	1	6
58AR	9	17061	7	2	0	5
58AR	9	-16048	6	1	1	5
58AR	9	17008	7	2	1	6
58AR	9	29063	9	1	0	0
58AR	9	-16068	6	0	1	6
58AR	9	25042	5	1	0	5
58AR	9	25010	5	3	0	4
58AR	9	25072	5	3	0	6
58AR	9	27030	7	2	0	5
58AR	9	28027	8	2	0	5
58AR	9	29031	9	1	0	0
58AR	9	19063	9	1	0	0
58AR	9	29006	9	1	0	0
58AR	9	26044	6	3	0	5
58AR	9	17020	7	2	1	5
58AR	9	18055	8	2	1	5
58AR	9	19022	9	1	0	0
58AR	9	18050	8	2	1	5
58AR	9	17016	7	2	0	5
58AR	9	29054	9	2	0	0
58AR	9	-15036	5	3	0	5
58AR	9	25015	5	3	1	5
58AR	9	29014	9	1	0	0
58AR	9	19055	9	1	0	0
58AR	9	19031	9	1	0	0
58AR	9	26056	6	2	1	5
58AR	9	19036	9	1	0	0
58AR	9	19056	9	1	0	0
58AR	9	25036	5	2	0	5
58AR	9	-16010	6	1	0	6
58AR	9	18071	8	1	0	5
58AR	9	18046	8	2	0	6
58AR	9	19026	9	1	0	0
58AR	9	26068	6	1	1	5
58AR	9	27005	7	2	0	5
58AR	9	-15053	5	3	1	6
58AR	9	28008	8	3	0	5
58AR	9	29045	9	2	0	0
58AR	9	28020	8	1	1	5
58AR	9	29019	9	1	0	0
58AR	9	19076	9	1	0	0
58AR	9	26012	6	3	0	4
58AR	9	25057	5	1	1	4
58AR	9	29010	9	1	0	0
58AR	9	29081	9	1	0	0
58AR	9	-15025	5	3	1	5
58AR	9	26021	6	3	1	5
58AR	9	28059	8	2	1	6
58AR	9	17027	7	2	0	5
58AR	9	-16063	6	3	0	6
58AR	9	-16030	6	2	0	3
58AR	9	28066	8	1	0	2
58AR	9	17070	7	2	1	6
58AR	9	25050	5	2	0	5
58AR	9	18060	8	2	1	5
58AR	9	-16003	6	1	0	5
58AR	9	29087	9	1	0	0
58AR	9	17005	7	2	0	5
58AR	9	25069	5	2	0	6
58AR	9	17052	7	2	1	6
58AR	9	29004	9	1	0	0
58AR	9	17041	7	2	1	5
58AR	9	25052	5	1	1	6
58AR	9	29039	9	1	0	0
58AR	9	19034	9	1	0	0
58AR	9	-16022	6	3	1	6
58AR	9	29057	9	2	0	0
58AR	9	17044	7	2	1	5
58AR	9	-16065	6	3	0	5
58AR	9	29058	9	1	0	0
58AR	9	18058	8	3	0	4
58AR	9	28054	8	1	0	5
58AR	9	18040	8	1	0	5
58AR	9	-16012	6	3	1	3
58AR	9	29013	9	3	0	0
58AR	9	26047	6	3	0	4
58AR	9	19083	9	1	0	0
58AR	9	19016	9	1	0	0
58AR	9	-15018	5	3	0	5
58AR	9	-15013	5	2	1	6
58AR	9	-15002	5	3	1	5
58AR	9	-16024	6	3	0	5
58AR	9	29033	9	1	0	0
58AR	9	29080	9	2	0	0
58AR	9	25061	5	3	1	4
58AR	9	19021	9	1	0	0
58AR	9	17031	7	2	1	5
58AR	9	25031	5	2	0	5
58AR	9	19012	9	1	0	0
58AR	9	19049	9	1	0	0
58AR	9	28023	8	2	0	5
58AR	9	29037	9	1	0	0
58AR	9	28033	8	2	1	5
58AR	9	27004	7	2	0	5
58AR	9	27001	7	2	1	5
58AR	9	19025	9	1	0	0
58AR	9	18037	8	2	1	4
59DU	10	29037	9	1	0	0
59DU	10	29045	9	1	0	0
59DU	10	27028	7	2	1	1
59DU	10	27052	7	1	0	3
59DU	10	-16022	6	3	0	2
59DU	10	19026	9	1	0	0
59DU	10	19056	9	1	0	0
59DU	10	26036	6	3	0	3
59DU	10	28009	8	1	0	6
59DU	10	-15018	5	2	0	1
59DU	10	28068	8	2	0	2
59DU	10	29006	9	1	0	0
59DU	10	-16025	6	2	0	6
59DU	10	18019	8	2	1	6
59DU	10	25071	5	3	1	5
59DU	10	18050	8	2	1	6
59DU	10	29004	9	1	0	0
59DU	10	25044	5	2	0	6
59DU	10	29074	9	2	0	0
59DU	10	29042	9	1	0	0
59DU	10	29079	9	1	0	0
59DU	10	25012	5	3	1	5
59DU	10	18008	8	2	0	1
59DU	10	-16064	6	2	0	6
59DU	10	27029	7	2	1	2
59DU	10	19008	9	1	0	0
59DU	10	19057	9	1	0	0
59DU	10	19030	9	1	0	0
59DU	10	-16004	6	2	0	2
59DU	10	17009	7	2	1	4
59DU	10	27038	7	1	1	5
59DU	10	17034	7	2	0	6
59DU	10	18057	8	2	0	6
59DU	10	19049	9	1	0	0
59DU	10	25008	5	2	1	6
59DU	10	-15012	5	1	1	6
59DU	10	26017	6	3	1	3
59DU	10	19051	9	2	0	0
59DU	10	25066	5	3	0	5
59DU	10	-16036	6	3	1	3
59DU	10	27026	7	2	1	4
59DU	10	28034	8	2	0	5
59DU	10	29005	9	1	0	0
59DU	10	19022	9	1	0	0
59DU	10	19031	9	1	0	0
59DU	10	17061	7	2	0	1
59DU	10	-15066	5	2	1	1
59DU	10	-15031	5	2	1	2
59DU	10	-16001	6	2	1	5
59DU	10	29021	9	2	0	0
59DU	10	18027	8	3	1	5
59DU	10	18068	8	2	0	1
59DU	10	27057	7	2	0	6
59DU	10	26013	6	2	0	4
59DU	10	19073	9	1	0	0
59DU	10	-16060	6	3	0	3
59DU	10	17029	7	2	0	5
59DU	10	27032	7	1	0	1
59DU	10	29017	9	1	0	0
59DU	10	29047	9	1	0	0
59DU	10	26039	6	3	1	2
59DU	10	25059	5	2	0	1
59DU	10	17052	7	2	0	3
59DU	10	18040	8	1	1	6
59DU	10	17054	7	2	0	6
59DU	10	-16071	6	3	1	6
59DU	10	27015	7	2	1	5
59DU	10	-15042	5	0	1	6
59DU	10	19080	9	2	0	0
59DU	10	19014	9	1	0	0
59DU	10	-15023	5	3	0	2
59DU	10	28070	8	2	1	2
59DU	10	29052	9	1	0	0
59DU	10	29041	9	1	0	0
59DU	10	28022	8	2	1	1
59DU	10	-16069	6	2	1	5
59DU	10	29013	9	2	0	0
59DU	10	19066	9	1	0	0
59DU	10	28042	8	2	0	1
59DU	10	25023	5	3	1	6
59DU	10	28003	8	2	0	4
59DU	10	17045	7	1	0	3
59DU	10	26046	6	3	1	6
59DU	10	27056	7	1	1	5
59DU	10	29055	9	1	0	0
59DU	10	28053	8	2	1	4
59DU	10	26006	6	2	0	2
59DU	10	28062	8	2	1	3
59DU	10	19038	9	2	0	0
59DU	10	29048	9	1	0	0
59DU	10	29071	9	1	0	0
59DU	10	25047	5	2	0	4
59DU	10	26050	6	2	1	6
59DU	10	-15014	5	3	1	3
59DU	10	19090	9	1	0	0
59DU	10	-15043	5	3	0	3
59DU	10	19020	9	1	0	0
59DU	10	29057	9	1	0	0
59DU	10	28002	8	2	0	6
59DU	10	17048	7	2	0	2
59DU	10	28020	8	2	1	6
59DU	10	-15006	5	3	0	1
59DU	10	25063	5	3	0	1
59DU	10	17055	7	2	0	3
59DU	10	19070	9	1	0	0
59DU	10	-16037	6	2	1	4
59DU	10	-16016	6	3	0	1
59DU	10	19001	9	1	0	0
60SF	11	19067	9	1	0	0
60SF	11	18051	8	3	0	6
60SF	11	-15068	5	3	0	5
60SF	11	17043	7	3	0	6
60SF	11	28015	8	2	1	6
60SF	11	25070	5	2	1	5
60SF	11	19018	9	1	0	0
60SF	11	19029	9	1	0	0
60SF	11	-16045	6	1	0	5
60SF	11	29002	9	1	0	0
60SF	11	29043	9	1	0	0
60SF	11	26058	6	3	0	5
60SF	11	17004	7	1	0	5
60SF	11	17022	7	2	1	5
60SF	11	27039	7	2	1	5
60SF	11	26003	6	3	1	6
60SF	11	26043	6	1	1	5
60SF	11	29080	9	2	0	0
60SF	11	-15015	5	3	0	5
60SF	11	-16042	6	3	1	5
60SF	11	27041	7	1	1	6
60SF	11	19062	9	1	0	0
60SF	11	17001	7	2	0	5
60SF	11	28047	8	1	0	5
60SF	11	29007	9	1	0	0
60SF	11	29078	9	1	0	0
60SF	11	28051	8	1	0	5
60SF	11	28072	8	2	1	6
60SF	11	27006	7	2	0	5
60SF	11	-15031	5	3	0	6
60SF	11	19012	9	1	0	0
60SF	11	19031	9	1	0	0
60SF	11	29038	9	2	0	0
60SF	11	-15009	5	3	0	6
60SF	11	28028	8	2	0	5
60SF	11	26023	6	3	1	6
60SF	11	29088	9	2	0	0
60SF	11	19056	9	1	0	0
60SF	11	27063	7	1	0	5
60SF	11	25033	5	3	0	6
60SF	11	26009	6	3	0	5
60SF	11	18018	8	3	0	5
60SF	11	27032	7	1	0	6
60SF	11	19042	9	1	0	0
60SF	11	-16055	6	1	0	5
60SF	11	-15054	5	3	0	5
60SF	11	28056	8	2	1	4
60SF	11	29081	9	2	0	0
60SF	11	19077	9	1	0	0
60SF	11	25053	5	3	1	5
60SF	11	-16025	6	3	1	6
60SF	11	28062	8	3	0	5
60SF	11	19036	9	1	0	0
60SF	11	-15006	5	3	1	6
60SF	11	29085	9	1	0	0
60SF	11	18070	8	3	1	6
60SF	11	29003	9	2	0	0
60SF	11	19059	9	2	0	0
60SF	11	-15064	5	2	0	6
60SF	11	28067	8	2	0	5
60SF	11	25011	5	3	0	5
60SF	11	26001	6	3	0	5
60SF	11	27014	7	3	1	6
60SF	11	18020	8	3	0	5
60SF	11	-16061	6	3	0	4
60SF	11	27007	7	2	1	5
60SF	11	19037	9	1	0	0
60SF	11	26029	6	1	1	5
60SF	11	-16038	6	3	1	5
60SF	11	29084	9	2	0	0
60SF	11	25021	5	3	1	5
60SF	11	18023	8	1	0	5
60SF	11	17050	7	2	0	5
60SF	11	29006	9	1	0	0
60SF	11	-16039	6	3	0	5
60SF	11	-15047	5	3	0	0
60SF	11	25017	5	2	0	2
60SF	11	29015	9	2	0	0
60SF	11	29065	9	3	0	0
60SF	11	27037	7	2	1	5
60SF	11	25065	5	2	1	5
60SF	11	27035	7	1	1	5
60SF	11	-15028	5	2	0	5
60SF	11	25050	5	2	0	3
60SF	11	29090	9	1	0	0
60SF	11	17071	7	2	1	6
60SF	11	-15007	5	1	1	5
60SF	11	-16035	6	1	1	6
60SF	11	19039	9	2	0	0
60SF	11	19072	9	2	0	0
60SF	11	17029	7	1	0	0
60SF	11	19022	9	1	0	0
60SF	11	28025	8	1	1	6
60SF	11	18066	8	2	1	6
60SF	11	27019	7	3	0	5
60SF	11	29022	9	2	0	0
60SF	11	18059	8	1	1	4
60SF	11	18013	8	2	1	5
60SF	11	29071	9	1	0	0
60SF	11	26059	6	3	0	4
60SF	11	17057	7	3	1	5
60SF	11	29072	9	1	0	0
60SF	11	18034	8	2	1	5
60SF	11	19017	9	1	0	0
60SF	11	-16011	6	2	0	5
60SF	11	19010	9	2	0	0
60SF	11	26046	6	3	0	5
60SF	11	19055	9	1	0	0
61JM	12	19084	9	1	0	0
61JM	12	29055	9	1	0	0
61JM	12	28013	8	2	1	3
61JM	12	18030	8	2	0	1
61JM	12	29088	9	2	0	0
61JM	12	17053	7	2	1	5
61JM	12	19036	9	1	0	0
61JM	12	29018	9	2	0	0
61JM	12	28062	8	2	1	2
61JM	12	26028	6	3	0	4
61JM	12	25039	5	3	1	4
61JM	12	29006	9	1	0	0
61JM	12	25043	5	3	0	2
61JM	12	19063	9	1	0	0
61JM	12	27049	7	2	0	2
61JM	12	29011	9	1	0	0
61JM	12	17006	7	2	1	6
61JM	12	-16067	6	3	1	2
61JM	12	18004	8	3	0	1
61JM	12	29016	9	1	0	0
61JM	12	18026	8	2	1	3
61JM	12	29086	9	1	0	0
61JM	12	29045	9	1	0	0
61JM	12	25063	5	3	0	2
61JM	12	25001	5	2	1	6
61JM	12	18014	8	2	1	3
61JM	12	-15051	5	3	1	6
61JM	12	-16063	6	3	1	6
61JM	12	-16038	6	3	1	2
61JM	12	19032	9	2	0	0
61JM	12	29074	9	2	0	0
61JM	12	19089	9	1	0	0
61JM	12	26034	6	3	1	6
61JM	12	28018	8	2	0	2
61JM	12	27055	7	2	1	3
61JM	12	27005	7	3	1	4
61JM	12	27031	7	3	1	6
61JM	12	19009	9	2	0	0
61JM	12	25016	5	3	0	2
61JM	12	19078	9	3	0	0
61JM	12	26068	6	3	1	4
61JM	12	-16046	6	3	0	4
61JM	12	27046	7	2	1	5
61JM	12	17059	7	2	1	5
61JM	12	26026	6	3	0	3
61JM	12	25070	5	1	1	6
61JM	12	28010	8	2	1	6
61JM	12	29023	9	1	0	0
61JM	12	-15024	5	2	1	6
61JM	12	25030	5	3	1	4
61JM	12	26051	6	3	1	2
61JM	12	29069	9	1	0	0
61JM	12	27023	7	2	0	1
61JM	12	18009	8	2	0	2
61JM	12	29063	9	1	0	0
61JM	12	28058	8	2	1	6
61JM	12	18001	8	2	1	2
61JM	12	-15018	5	3	1	6
61JM	12	19065	9	1	0	0
61JM	12	-15058	5	3	1	6
61JM	12	18019	8	2	0	4
61JM	12	29090	9	2	0	0
61JM	12	-16048	6	3	1	6
61JM	12	-16039	6	2	0	2
61JM	12	26004	6	3	1	6
61JM	12	19011	9	1	0	0
61JM	12	28053	8	2	1	5
61JM	12	-16016	6	2	1	3
61JM	12	-15012	5	3	1	6
61JM	12	17050	7	2	1	4
61JM	12	17033	7	3	1	6
61JM	12	19051	9	1	0	0
61JM	12	19022	9	1	0	0
61JM	12	28072	8	2	1	6
61JM	12	19006	9	1	0	0
61JM	12	19046	9	1	0	0
61JM	12	25048	5	3	1	6
61JM	12	17066	7	1	1	5
61JM	12	29002	9	1	0	0
61JM	12	25036	5	3	0	1
61JM	12	-15056	5	3	1	6
61JM	12	26019	6	3	1	6
61JM	12	-15061	5	3	1	5
61JM	12	28059	8	2	1	2
61JM	12	29036	9	1	0	0
61JM	12	27022	7	2	1	3
61JM	12	-16007	6	3	0	2
61JM	12	27008	7	2	1	5
61JM	12	28012	8	1	1	4
61JM	12	29044	9	1	0	0
61JM	12	29083	9	1	0	0
61JM	12	19003	9	1	0	0
61JM	12	18032	8	1	1	5
61JM	12	19021	9	1	0	0
61JM	12	29078	9	1	0	0
61JM	12	-16069	6	3	0	4
61JM	12	17021	7	2	1	6
61JM	12	18072	8	1	0	5
61JM	12	19041	9	1	0	0
61JM	12	-15028	5	2	1	6
61JM	12	26065	6	3	1	6
61JM	12	26041	6	3	1	6
61JM	12	17035	7	2	1	6
61JM	12	17044	7	3	1	4
61JM	12	17042	7	2	1	3
61JM	12	19016	9	3	0	0
61JM	12	25038	5	1	0	3
61JM	12	19030	9	1	0	0
62AD	13	29083	9	1	0	0
62AD	13	-15003	5	1	0	3
62AD	13	26019	6	2	0	1
62AD	13	-15019	5	1	0	3
62AD	13	29079	9	1	0	0
62AD	13	18052	8	2	1	3
62AD	13	-16033	6	3	0	4
62AD	13	25066	5	3	1	3
62AD	13	27013	7	2	0	2
62AD	13	27025	7	3	0	3
62AD	13	27008	7	1	1	3
62AD	13	19016	9	1	0	0
62AD	13	18011	8	2	1	3
62AD	13	29051	9	1	0	0
62AD	13	29067	9	1	0	0
62AD	13	17071	7	3	0	2
62AD	13	26028	6	3	0	3
62AD	13	18008	8	2	0	3
62AD	13	18044	8	1	0	3
62AD	13	19074	9	1	0	0
62AD	13	19033	9	1	0	0
62AD	13	29039	9	1	0	0
62AD	13	28067	8	2	0	3
62AD	13	26042	6	3	0	2
62AD	13	29042	9	1	0	0
62AD	13	27009	7	2	1	4
62AD	13	19028	9	1	0	0
62AD	13	19085	9	1	0	0
62AD	13	-15046	5	3	0	3
62AD	13	19009	9	1	0	0
62AD	13	19062	9	1	0	0
62AD	13	28051	8	3	0	4
62AD	13	19026	9	1	0	0
62AD	13	17036	7	2	0	2
62AD	13	-15022	5	3	0	3
62AD	13	-15053	5	3	1	3
62AD	13	19014	9	1	0	0
62AD	13	19051	9	1	0	0
62AD	13	28002	8	2	0	2
62AD	13	26021	6	2	0	2
62AD	13	19049	9	1	0	0
62AD	13	18056	8	2	0	4
62AD	13	-16069	6	2	1	3
62AD	13	-15028	5	3	0	2
62AD	13	27054	7	1	1	1
62AD	13	25016	5	2	1	3
62AD	13	-16015	6	3	0	3
62AD	13	29010	9	1	0	0
62AD	13	28058	8	2	1	4
62AD	13	26012	6	3	1	2
62AD	13	27033	7	2	1	3
62AD	13	-16067	6	3	0	2
62AD	13	27003	7	2	0	5
62AD	13	25056	5	2	1	4
62AD	13	19004	9	1	0	0
62AD	13	29075	9	2	0	0
62AD	13	28048	8	2	1	3
62AD	13	29035	9	1	0	0
62AD	13	18005	8	2	0	2
62AD	13	-16024	6	2	0	2
62AD	13	27063	7	2	0	2
62AD	13	17049	7	2	1	5
62AD	13	19063	9	1	0	0
62AD	13	26039	6	3	1	5
62AD	13	29058	9	2	0	0
62AD	13	-15065	5	3	0	2
62AD	13	-15030	5	1	0	2
62AD	13	17038	7	3	1	3
62AD	13	-15018	5	3	0	2
62AD	13	17062	7	1	0	5
62AD	13	26045	6	3	1	2
62AD	13	29031	9	1	0	0
62AD	13	26062	6	2	0	4
62AD	13	29073	9	1	0	0
62AD	13	25050	5	2	0	5
62AD	13	29038	9	1	0	0
62AD	13	29045	9	2	0	0
62AD	13	26006	6	1	0	2
62AD	13	29070	9	1	0	0
62AD	13	19047	9	1	0	0
62AD	13	29057	9	2	0	0
62AD	13	19040	9	1	0	0
62AD	13	28038	8	1	0	3
62AD	13	-16063	6	3	0	2
62AD	13	25023	5	2	0	2
62AD	13	28036	8	2	1	6
62AD	13	18040	8	1	0	2
62AD	13	18031	8	3	0	2
62AD	13	17025	7	1	0	3
62AD	13	29009	9	1	0	0
62AD	13	-15059	5	3	1	2
62AD	13	26030	6	3	0	2
62AD	13	19077	9	1	0	0
62AD	13	27069	7	1	0	4
62AD	13	-16009	6	3	0	1
62AD	13	27071	7	1	0	4
62AD	13	25059	5	1	1	2
62AD	13	28031	8	1	1	3
62AD	13	18002	8	1	0	2
62AD	13	18014	8	1	1	5
62AD	13	29066	9	1	0	0
62AD	13	19037	9	1	0	0
62AD	13	-15047	5	3	1	6
62AD	13	-16057	6	1	1	2
62AD	13	27018	7	3	0	3
62AD	13	19058	9	3	0	0
62AD	13	17042	7	1	1	3
62AD	13	25043	5	3	1	3
63SS	14	19058	9	2	0	0
63SS	14	28071	8	1	0	2
63SS	14	25053	5	3	1	2
63SS	14	29048	9	2	0	0
63SS	14	27020	7	2	1	4
63SS	14	-16024	6	2	0	4
63SS	14	-16042	6	1	1	2
63SS	14	25004	5	1	1	2
63SS	14	19044	9	1	0	0
63SS	14	29056	9	1	0	0
63SS	14	19026	9	1	0	0
63SS	14	18026	8	2	0	3
63SS	14	-16056	6	3	1	2
63SS	14	26022	6	3	0	1
63SS	14	18050	8	2	1	4
63SS	14	29085	9	1	0	0
63SS	14	29007	9	1	0	0
63SS	14	-16048	6	1	1	4
63SS	14	29040	9	1	0	0
63SS	14	28006	8	2	1	2
63SS	14	-16065	6	3	1	3
63SS	14	17063	7	2	0	1
63SS	14	27058	7	3	1	2
63SS	14	28042	8	1	1	3
63SS	14	-15039	5	3	1	2
63SS	14	19087	9	3	0	0
63SS	14	18067	8	1	1	2
63SS	14	-15030	5	3	0	1
63SS	14	29078	9	1	0	0
63SS	14	19016	9	1	0	0
63SS	14	19060	9	1	0	0
63SS	14	25044	5	1	1	6
63SS	14	-16072	6	3	1	4
63SS	14	27046	7	3	0	2
63SS	14	25015	5	3	1	3
63SS	14	18060	8	2	1	6
63SS	14	18019	8	3	0	3
63SS	14	18043	8	1	0	1
63SS	14	27038	7	3	1	3
63SS	14	-15004	5	2	0	1
63SS	14	17069	7	1	1	1
63SS	14	29070	9	1	0	0
63SS	14	17015	7	2	0	1
63SS	14	29030	9	1	0	0
63SS	14	17018	7	3	1	4
63SS	14	29041	9	1	0	0
63SS	14	19020	9	1	0	0
63SS	14	-16046	6	3	1	6
63SS	14	-15031	5	3	1	5
63SS	14	19062	9	1	0	0
63SS	14	26040	6	1	1	1
63SS	14	25017	5	3	1	1
63SS	14	19030	9	1	0	0
63SS	14	27049	7	3	0	1
63SS	14	29051	9	1	0	0
63SS	14	29019	9	1	0	0
63SS	14	-15009	5	1	1	3
63SS	14	17035	7	3	1	1
63SS	14	28023	8	2	0	5
63SS	14	19010	9	1	0	0
63SS	14	28027	8	2	1	6
63SS	14	17057	7	2	1	3
63SS	14	26008	6	3	1	1
63SS	14	19090	9	1	0	0
63SS	14	29006	9	1	0	0
63SS	14	19004	9	2	0	0
63SS	14	17062	7	1	1	6
63SS	14	25010	5	3	1	4
63SS	14	29035	9	1	0	0
63SS	14	17051	7	2	0	1
63SS	14	28047	8	2	1	3
63SS	14	19013	9	1	0	0
63SS	14	19039	9	1	0	0
63SS	14	19024	9	1	0	0
63SS	14	26033	6	3	1	3
63SS	14	17037	7	2	1	3
63SS	14	25012	5	2	1	6
63SS	14	28013	8	3	1	1
63SS	14	17005	7	2	0	1
63SS	14	18001	8	3	1	1
63SS	14	-16014	6	1	1	6
63SS	14	25055	5	3	1	6
63SS	14	17021	7	2	0	1
63SS	14	28030	8	1	0	3
63SS	14	26062	6	3	0	2
63SS	14	19074	9	2	0	0
63SS	14	18012	8	3	0	2
63SS	14	-15008	5	3	1	6
63SS	14	-15034	5	2	1	2
63SS	14	27070	7	2	1	1
63SS	14	26036	6	3	1	2
63SS	14	26064	6	3	0	5
63SS	14	25001	5	3	1	2
63SS	14	29014	9	2	0	0
63SS	14	19031	9	1	0	0
63SS	14	-16053	6	3	1	6
63SS	14	25051	5	1	1	6
63SS	14	29011	9	2	0	0
63SS	14	25065	5	3	0	1
63SS	14	19032	9	2	0	0
63SS	14	27060	7	2	0	1
63SS	14	26032	6	3	0	3
63SS	14	29046	9	2	0	0
63SS	14	18027	8	2	0	1
63SS	14	29003	9	2	0	0
63SS	14	26026	6	1	1	3
63SS	14	29043	9	1	0	0
63SS	14	28068	8	1	1	2
64SS	15	19089	9	1	0	0
64SS	15	29036	9	1	0	0
64SS	15	28041	8	2	0	3
64SS	15	29041	9	1	0	0
64SS	15	29045	9	0	0	0
64SS	15	29008	9	2	0	0
64SS	15	29034	9	1	0	0
64SS	15	17060	7	2	0	4
64SS	15	19055	9	1	0	0
64SS	15	-15019	5	3	0	2
64SS	15	26017	6	3	0	6
64SS	15	-16058	6	3	0	2
64SS	15	18047	8	2	1	3
64SS	15	19035	9	1	0	0
64SS	15	-16052	6	3	0	3
64SS	15	28061	8	1	0	2
64SS	15	17072	7	2	0	2
64SS	15	19050	9	1	0	0
64SS	15	19058	9	0	0	0
64SS	15	28013	8	2	0	3
64SS	15	-16055	6	3	1	4
64SS	15	17050	7	2	1	6
64SS	15	26005	6	3	1	3
64SS	15	26071	6	1	1	2
64SS	15	-15046	5	3	1	3
64SS	15	28010	8	2	1	2
64SS	15	19012	9	1	0	0
64SS	15	29086	9	1	0	0
64SS	15	19052	9	1	0	0
64SS	15	25008	5	3	1	3
64SS	15	18008	8	2	1	2
64SS	15	-15002	5	3	1	4
64SS	15	17025	7	2	1	3
64SS	15	28021	8	2	1	3
64SS	15	27031	7	3	0	2
64SS	15	29051	9	1	0	0
64SS	15	28050	8	2	1	2
64SS	15	18067	8	2	1	2
64SS	15	17037	7	3	0	4
64SS	15	17069	7	1	1	3
64SS	15	29059	9	2	0	0
64SS	15	-16027	6	3	0	2
64SS	15	-15018	5	3	0	4
64SS	15	25047	5	3	1	3
64SS	15	27053	7	2	0	2
64SS	15	-15006	5	2	0	4
64SS	15	29061	9	2	0	0
64SS	15	19079	9	1	0	0
64SS	15	26046	6	3	0	3
64SS	15	-15016	5	2	1	3
64SS	15	26023	6	3	0	5
64SS	15	17013	7	2	1	5
64SS	15	19023	9	1	0	0
64SS	15	-15054	5	3	0	4
64SS	15	29032	9	1	0	0
64SS	15	27063	7	2	1	4
64SS	15	27059	7	2	1	2
64SS	15	29053	9	2	0	0
64SS	15	28067	8	2	1	3
64SS	15	-16011	6	3	0	3
64SS	15	26036	6	3	0	3
64SS	15	18036	8	2	1	3
64SS	15	18065	8	2	1	1
64SS	15	19013	9	1	0	0
64SS	15	29022	9	1	0	0
64SS	15	18063	8	1	1	3
64SS	15	29089	9	1	0	0
64SS	15	27025	7	2	0	4
64SS	15	27011	7	2	1	2
64SS	15	27069	7	2	0	5
64SS	15	25016	5	3	1	2
64SS	15	19076	9	1	0	0
64SS	15	19085	9	1	0	0
64SS	15	29015	9	2	0	0
64SS	15	25002	5	3	0	4
64SS	15	18029	8	3	0	3
64SS	15	19010	9	1	0	0
64SS	15	27003	7	2	1	2
64SS	15	25019	5	3	1	4
64SS	15	19065	9	1	0	0
64SS	15	27065	7	3	1	3
64SS	15	28038	8	2	0	4
64SS	15	29002	9	1	0	0
64SS	15	-16042	6	3	1	4
64SS	15	27051	7	3	0	4
64SS	15	19019	9	1	0	0
64SS	15	-15034	5	2	1	5
64SS	15	29046	9	1	0	0
64SS	15	25034	5	3	1	2
64SS	15	19027	9	1	0	0
64SS	15	29085	9	3	0	0
64SS	15	28040	8	2	0	2
64SS	15	-16043	6	2	0	3
64SS	15	-16040	6	3	1	2
64SS	15	25055	5	3	0	2
64SS	15	26030	6	3	1	4
64SS	15	18004	8	2	0	3
64SS	15	29087	9	2	0	0
64SS	15	19007	9	1	0	0
64SS	15	-16023	6	3	1	3
64SS	15	-15010	5	3	1	6
64SS	15	27027	7	3	0	2
64SS	15	26058	6	3	1	6
64SS	15	18021	8	2	0	4
64SS	15	19069	9	2	0	0
64SS	15	-15062	5	1	0	2
64SS	15	-15032	5	3	1	6
64SS	15	26044	6	3	1	3
65LB	16	19029	9	1	0	0
65LB	16	28028	8	2	1	4
65LB	16	19055	9	1	0	0
65LB	16	19053	9	2	0	0
65LB	16	-16023	6	1	0	4
65LB	16	29077	9	1	0	0
65LB	16	17056	7	1	0	4
65LB	16	18017	8	2	0	2
65LB	16	19054	9	2	0	0
65LB	16	26051	6	2	1	3
65LB	16	28020	8	2	0	3
65LB	16	-16019	6	2	1	4
65LB	16	29059	9	1	0	0
65LB	16	29062	9	1	0	0
65LB	16	-16010	6	3	1	1
65LB	16	18051	8	3	0	4
65LB	16	19056	9	1	0	0
65LB	16	27043	7	2	0	4
65LB	16	-15049	5	1	1	4
65LB	16	26023	6	2	0	2
65LB	16	19033	9	2	0	0
65LB	16	26061	6	1	1	2
65LB	16	19022	9	1	0	0
65LB	16	27047	7	3	0	3
65LB	16	19030	9	1	0	0
65LB	16	25066	5	3	1	3
65LB	16	-15069	5	3	0	3
65LB	16	29023	9	1	0	0
65LB	16	27022	7	2	0	3
65LB	16	-15028	5	3	0	4
65LB	16	28013	8	2	0	3
65LB	16	28015	8	1	0	1
65LB	16	25064	5	2	1	5
65LB	16	25069	5	1	1	3
65LB	16	27071	7	1	0	6
65LB	16	-15015	5	2	1	5
65LB	16	25038	5	3	0	5
65LB	16	29079	9	1	0	0
65LB	16	27008	7	1	1	1
65LB	16	-16014	6	3	0	2
65LB	16	28025	8	2	0	2
65LB	16	25010	5	1	0	3
65LB	16	17012	7	2	0	3
65LB	16	17022	7	1	0	4
65LB	16	29031	9	1	0	0
65LB	16	-16035	6	3	0	3
65LB	16	17003	7	3	1	6
65LB	16	29035	9	0	0	0
65LB	16	29065	9	2	0	0
65LB	16	26031	6	3	0	3
65LB	16	19037	9	1	0	0
65LB	16	18025	8	2	1	3
65LB	16	19035	9	1	0	0
65LB	16	18071	8	3	1	3
65LB	16	19038	9	2	0	0
65LB	16	19052	9	1	0	0
65LB	16	28041	8	1	0	3
65LB	16	25059	5	2	0	2
65LB	16	19084	9	1	0	0
65LB	16	-16033	6	2	0	3
65LB	16	25030	5	2	0	2
65LB	16	27012	7	1	0	6
65LB	16	29022	9	3	0	0
65LB	16	26055	6	3	1	1
65LB	16	29063	9	1	0	0
65LB	16	-16043	6	2	0	3
65LB	16	-15054	5	1	1	2
65LB	16	29090	9	1	0	0
65LB	16	17045	7	2	1	3
65LB	16	-15031	5	2	0	2
65LB	16	28036	8	1	0	4
65LB	16	19076	9	1	0	0
65LB	16	29027	9	1	0	0
65LB	16	-15065	5	1	1	2
65LB	16	27018	7	2	1	3
65LB	16	26068	6	2	0	2
65LB	16	28002	8	1	0	2
65LB	16	19034	9	1	0	0
65LB	16	29049	9	1	0	0
65LB	16	29087	9	1	0	0
65LB	16	17068	7	3	0	1
65LB	16	17064	7	2	0	2
65LB	16	18030	8	2	0	3
65LB	16	19042	9	1	0	0
65LB	16	17008	7	1	0	2
65LB	16	29029	9	1	0	0
65LB	16	26034	6	3	0	6
65LB	16	19023	9	1	0	0
65LB	16	27040	7	2	0	2
65LB	16	27058	7	2	0	2
65LB	16	25054	5	3	0	1
65LB	16	26003	6	1	1	2
65LB	16	-16002	6	1	0	3
65LB	16	-15041	5	1	1	3
65LB	16	28050	8	2	1	3
65LB	16	29030	9	1	0	0
65LB	16	29043	9	2	0	0
65LB	16	-15048	5	2	0	3
65LB	16	17058	7	3	0	1
65LB	16	-16062	6	2	0	6
65LB	16	18059	8	2	0	3
65LB	16	18005	8	1	1	1
65LB	16	18039	8	1	1	6
65LB	16	-16038	6	1	0	3
65LB	16	28006	8	1	0	3
65LB	16	25045	5	1	0	1
65LB	16	19089	9	1	0	0
65LB	16	29046	9	1	0	0
66KW	17	19045	9	1	0	0
66KW	17	26066	6	2	1	6
66KW	17	19088	9	1	0	0
66KW	17	29040	9	1	0	0
66KW	17	17033	7	2	1	6
66KW	17	18039	8	3	1	2
66KW	17	-16070	6	3	0	3
66KW	17	26068	6	3	1	3
66KW	17	-16035	6	3	1	3
66KW	17	18060	8	2	1	2
66KW	17	25023	5	3	1	4
66KW	17	19023	9	1	0	0
66KW	17	26003	6	2	1	5
66KW	17	19051	9	1	0	0
66KW	17	19038	9	2	0	0
66KW	17	17068	7	2	0	5
66KW	17	-15019	5	3	1	2
66KW	17	26072	6	2	1	4
66KW	17	29020	9	1	0	0
66KW	17	-15054	5	3	1	5
66KW	17	19009	9	1	0	0
66KW	17	28026	8	2	1	5
66KW	17	29068	9	1	0	0
66KW	17	29073	9	1	0	0
66KW	17	25055	5	3	1	5
66KW	17	-15001	5	3	0	1
66KW	17	-15029	5	3	1	6
66KW	17	28034	8	2	1	3
66KW	17	27001	7	2	1	3
66KW	17	28010	8	2	1	3
66KW	17	29035	9	1	0	0
66KW	17	17004	7	2	1	6
66KW	17	27019	7	2	1	2
66KW	17	29051	9	1	0	0
66KW	17	27021	7	2	1	2
66KW	17	26014	6	2	0	1
66KW	17	29017	9	1	0	0
66KW	17	27007	7	2	0	3
66KW	17	-15011	5	3	1	5
66KW	17	18065	8	2	0	3
66KW	17	29059	9	1	0	0
66KW	17	19024	9	1	0	0
66KW	17	29069	9	1	0	0
66KW	17	19058	9	1	0	0
66KW	17	-16009	6	3	0	2
66KW	17	28006	8	2	1	5
66KW	17	27030	7	1	1	2
66KW	17	-15027	5	3	1	6
66KW	17	25028	5	3	0	3
66KW	17	28041	8	2	1	6
66KW	17	17026	7	2	1	5
66KW	17	19017	9	1	0	0
66KW	17	-16057	6	2	0	2
66KW	17	28063	8	3	1	4
66KW	17	19011	9	1	0	0
66KW	17	28037	8	2	0	3
66KW	17	18047	8	1	1	6
66KW	17	18006	8	2	0	2
66KW	17	26059	6	3	0	3
66KW	17	27044	7	2	0	2
66KW	17	19026	9	1	0	0
66KW	17	18062	8	2	0	3
66KW	17	18016	8	2	1	3
66KW	17	25058	5	3	1	2
66KW	17	28062	8	3	0	2
66KW	17	17045	7	2	0	3
66KW	17	-15044	5	2	1	6
66KW	17	27045	7	2	0	4
66KW	17	19087	9	2	0	0
66KW	17	29078	9	2	0	0
66KW	17	19090	9	1	0	0
66KW	17	29060	9	1	0	0
66KW	17	-16063	6	3	0	2
66KW	17	26049	6	3	1	3
66KW	17	-16022	6	2	0	2
66KW	17	25016	5	3	0	1
66KW	17	17018	7	2	1	5
66KW	17	25039	5	3	1	4
66KW	17	19070	9	1	0	0
66KW	17	29065	9	1	0	0
66KW	17	27048	7	2	0	2
66KW	17	25036	5	3	0	4
66KW	17	29062	9	2	0	0
66KW	17	29009	9	1	0	0
66KW	17	-16052	6	3	1	6
66KW	17	26017	6	2	1	2
66KW	17	-16014	6	3	0	1
66KW	17	19031	9	1	0	0
66KW	17	18023	8	1	0	2
66KW	17	29030	9	1	0	0
66KW	17	-16056	6	2	0	2
66KW	17	18049	8	2	1	5
66KW	17	27032	7	3	1	5
66KW	17	29067	9	1	0	0
66KW	17	26069	6	3	1	4
66KW	17	27051	7	2	0	2
66KW	17	19022	9	1	0	0
66KW	17	27054	7	2	0	3
66KW	17	17071	7	2	0	3
66KW	17	29034	9	1	0	0
66KW	17	-15038	5	2	0	3
66KW	17	19001	9	1	0	0
66KW	17	-15007	5	2	1	6
66KW	17	-15031	5	3	1	3
66KW	17	28012	8	2	1	2
66KW	17	-15042	5	3	1	5
66KW	17	29061	9	1	0	0
66KW	17	19071	9	1	0	0
68JF	18	29073	9	1	0	0
68JF	18	28041	8	3	1	6
68JF	18	26049	6	2	1	6
68JF	18	27035	7	2	0	4
68JF	18	-16024	6	2	0	3
68JF	18	19050	9	2	0	0
68JF	18	25051	5	3	0	2
68JF	18	18014	8	2	0	6
68JF	18	28034	8	2	1	6
68JF	18	25045	5	3	0	4
68JF	18	19046	9	1	0	0
68JF	18	27031	7	3	1	5
68JF	18	19080	9	1	0	0
68JF	18	19016	9	1	0	0
68JF	18	-16037	6	3	0	1
68JF	18	26005	6	2	1	5
68JF	18	-15026	5	3	1	6
68JF	18	18071	8	3	1	6
68JF	18	27069	7	1	0	5
68JF	18	25054	5	2	1	6
68JF	18	28021	8	2	1	6
68JF	18	18045	8	2	0	6
68JF	18	19006	9	1	0	0
68JF	18	29067	9	2	0	0
68JF	18	19009	9	1	0	0
68JF	18	18047	8	2	0	3
68JF	18	-15036	5	3	1	6
68JF	18	-15006	5	3	1	4
68JF	18	29032	9	2	0	0
68JF	18	27009	7	2	1	4
68JF	18	25028	5	3	1	6
68JF	18	17052	7	2	1	6
68JF	18	17001	7	2	1	5
68JF	18	26062	6	3	1	4
68JF	18	18033	8	3	0	5
68JF	18	29036	9	1	0	0
68JF	18	19023	9	1	0	0
68JF	18	17031	7	2	0	4
68JF	18	29056	9	1	0	0
68JF	18	27063	7	0	0	3
68JF	18	19028	9	1	0	0
68JF	18	18050	8	2	1	6
68JF	18	19043	9	1	0	0
68JF	18	25040	5	1	0	6
68JF	18	29016	9	2	0	0
68JF	18	17044	7	2	1	4
68JF	18	26008	6	2	1	5
68JF	18	19037	9	1	0	0
68JF	18	26048	6	3	0	6
68JF	18	19051	9	1	0	0
68JF	18	26030	6	2	0	5
68JF	18	-15019	5	3	1	3
68JF	18	19041	9	1	0	0
68JF	18	26038	6	3	1	6
68JF	18	19052	9	1	0	0
68JF	18	29015	9	2	0	0
68JF	18	27044	7	2	0	4
68JF	18	29080	9	2	0	0
68JF	18	28014	8	1	0	6
68JF	18	18007	8	2	0	4
68JF	18	27072	7	2	1	6
68JF	18	-15012	5	3	1	6
68JF	18	-16055	6	3	0	6
68JF	18	29060	9	1	0	0
68JF	18	28004	8	2	1	3
68JF	18	29074	9	2	0	0
68JF	18	28056	8	2	1	6
68JF	18	17029	7	3	0	2
68JF	18	-16065	6	3	1	5
68JF	18	25011	5	3	0	4
68JF	18	29041	9	1	0	0
68JF	18	28067	8	2	1	6
68JF	18	19027	9	1	0	0
68JF	18	26060	6	3	1	6
68JF	18	29013	9	2	0	0
68JF	18	-16057	6	3	1	6
68JF	18	25026	5	3	1	6
68JF	18	29033	9	1	0	0
68JF	18	-15069	5	3	0	3
68JF	18	29003	9	2	0	0
68JF	18	18015	8	2	1	6
68JF	18	18068	8	2	0	3
68JF	18	19066	9	1	0	0
68JF	18	26066	6	3	1	5
68JF	18	25058	5	3	1	4
68JF	18	17018	7	3	1	4
68JF	18	18060	8	3	1	6
68JF	18	27002	7	2	1	5
68JF	18	29039	9	1	0	0
68JF	18	-16062	6	3	1	6
68JF	18	19073	9	1	0	0
68JF	18	19014	9	1	0	0
68JF	18	29007	9	1	0	0
68JF	18	18040	8	2	1	3
68JF	18	-15004	5	3	1	4
68JF	18	-16064	6	1	1	6
68JF	18	17010	7	2	1	6
68JF	18	29004	9	1	0	0
68JF	18	-15022	5	3	1	6
68JF	18	29029	9	2	0	0
68JF	18	26020	6	3	0	4
68JF	18	17053	7	2	1	6
68JF	18	27018	7	2	0	6
68JF	18	-15028	5	3	0	3
68JF	18	19029	9	1	0	0
68JF	18	17042	7	2	1	6
68JF	18	26015	6	3	1	6
68JF	18	25024	5	3	1	6
69SJ	19	19041	9	1	0	0
69SJ	19	-16019	6	1	1	5
69SJ	19	26028	6	3	1	3
69SJ	19	25047	5	2	0	2
69SJ	19	29060	9	1	0	0
69SJ	19	18045	8	2	0	3
69SJ	19	26039	6	3	1	3
69SJ	19	19042	9	1	0	0
69SJ	19	17039	7	2	0	2
69SJ	19	19075	9	1	0	0
69SJ	19	28010	8	1	1	3
69SJ	19	-15034	5	3	1	5
69SJ	19	29065	9	2	0	0
69SJ	19	29083	9	1	0	0
69SJ	19	26071	6	3	0	3
69SJ	19	18037	8	3	0	1
69SJ	19	28025	8	2	1	5
69SJ	19	26068	6	3	1	5
69SJ	19	19011	9	1	0	0
69SJ	19	28042	8	2	1	4
69SJ	19	19045	9	2	0	0
69SJ	19	-16043	6	3	0	4
69SJ	19	-15058	5	2	0	2
69SJ	19	27021	7	2	1	4
69SJ	19	17024	7	1	1	4
69SJ	19	-15004	5	2	0	4
69SJ	19	19053	9	1	0	0
69SJ	19	27065	7	2	0	3
69SJ	19	18059	8	3	0	4
69SJ	19	29090	9	2	0	0
69SJ	19	26050	6	1	0	4
69SJ	19	29009	9	1	0	0
69SJ	19	25036	5	3	1	4
69SJ	19	17013	7	2	1	4
69SJ	19	29038	9	1	0	0
69SJ	19	27034	7	2	0	3
69SJ	19	-16021	6	3	0	3
69SJ	19	-16048	6	2	1	2
69SJ	19	25063	5	2	1	3
69SJ	19	17016	7	2	1	6
69SJ	19	29049	9	1	0	0
69SJ	19	29008	9	1	0	0
69SJ	19	18036	8	2	1	3
69SJ	19	19010	9	1	0	0
69SJ	19	25056	5	2	0	4
69SJ	19	18062	8	1	1	6
69SJ	19	17012	7	2	0	1
69SJ	19	18069	8	2	0	3
69SJ	19	29042	9	1	0	0
69SJ	19	27020	7	2	1	6
69SJ	19	19068	9	1	0	0
69SJ	19	-15010	5	3	0	3
69SJ	19	19019	9	1	0	0
69SJ	19	-15056	5	2	1	3
69SJ	19	29079	9	1	0	0
69SJ	19	27024	7	2	0	2
69SJ	19	25012	5	3	1	5
69SJ	19	28059	8	1	1	5
69SJ	19	28006	8	2	1	2
69SJ	19	25069	5	2	0	1
69SJ	19	-15026	5	2	1	5
69SJ	19	17028	7	3	1	3
69SJ	19	18063	8	2	1	4
69SJ	19	28014	8	2	1	5
69SJ	19	-16065	6	2	0	4
69SJ	19	29070	9	1	0	0
69SJ	19	-15072	5	2	1	3
69SJ	19	26061	6	2	1	5
69SJ	19	19008	9	1	0	0
69SJ	19	-15051	5	3	0	4
69SJ	19	19007	9	1	0	0
69SJ	19	-15042	5	3	0	2
69SJ	19	29018	9	2	0	0
69SJ	19	27054	7	2	0	4
69SJ	19	17032	7	1	1	3
69SJ	19	25057	5	3	1	3
69SJ	19	-16049	6	2	0	3
69SJ	19	29085	9	2	0	0
69SJ	19	28002	8	2	1	4
69SJ	19	27004	7	2	1	4
69SJ	19	29081	9	1	0	0
69SJ	19	29057	9	2	0	0
69SJ	19	28043	8	2	1	2
69SJ	19	-16067	6	2	1	4
69SJ	19	29011	9	1	0	0
69SJ	19	29028	9	2	0	0
69SJ	19	28018	8	3	1	3
69SJ	19	19083	9	1	0	0
69SJ	19	-16006	6	3	1	4
69SJ	19	19064	9	1	0	0
69SJ	19	-16008	6	1	1	3
69SJ	19	19013	9	1	0	0
69SJ	19	-16054	6	3	1	4
69SJ	19	27029	7	2	1	3
69SJ	19	-15001	5	1	1	4
69SJ	19	19056	9	1	0	0
69SJ	19	19050	9	1	0	0
69SJ	19	25016	5	3	1	3
69SJ	19	19089	9	1	0	0
69SJ	19	28008	8	2	0	2
69SJ	19	18029	8	1	1	3
69SJ	19	27052	7	2	0	4
69SJ	19	29072	9	1	0	0
69SJ	19	27037	7	2	0	4
69SJ	19	19058	9	2	0	0
69SJ	19	26032	6	3	0	2
69SJ	19	17017	7	2	1	2
69SJ	19	26045	6	2	1	4
70FW	20	29037	9	1	0	0
70FW	20	19013	9	1	0	0
70FW	20	25072	5	2	0	3
70FW	20	25053	5	1	0	5
70FW	20	28015	8	1	1	6
70FW	20	27059	7	1	0	3
70FW	20	28019	8	2	1	4
70FW	20	25033	5	3	0	3
70FW	20	19055	9	1	0	0
70FW	20	29067	9	3	0	0
70FW	20	26031	6	2	0	3
70FW	20	27003	7	1	1	4
70FW	20	17037	7	3	1	5
70FW	20	27018	7	3	0	3
70FW	20	29003	9	2	0	0
70FW	20	-16071	6	2	1	5
70FW	20	17021	7	1	0	4
70FW	20	28066	8	2	0	3
70FW	20	-16052	6	3	0	4
70FW	20	27047	7	3	0	4
70FW	20	-15024	5	3	0	3
70FW	20	29038	9	1	0	0
70FW	20	17067	7	1	0	5
70FW	20	25023	5	3	0	3
70FW	20	26007	6	3	0	4
70FW	20	25064	5	1	0	6
70FW	20	19085	9	1	0	0
70FW	20	17069	7	3	0	3
70FW	20	-16008	6	3	1	6
70FW	20	-15029	5	3	1	2
70FW	20	-15045	5	3	1	3
70FW	20	19064	9	0	0	0
70FW	20	26056	6	3	0	5
70FW	20	18001	8	3	0	3
70FW	20	19078	9	1	0	0
70FW	20	28022	8	3	0	5
70FW	20	26002	6	3	1	4
70FW	20	18064	8	2	1	4
70FW	20	28009	8	3	1	3
70FW	20	-15061	5	3	1	3
70FW	20	29047	9	3	0	0
70FW	20	29079	9	2	0	0
70FW	20	29036	9	1	0	0
70FW	20	19040	9	1	0	0
70FW	20	17056	7	1	0	3
70FW	20	19079	9	1	0	0
70FW	20	19009	9	1	0	0
70FW	20	26025	6	2	1	5
70FW	20	29043	9	2	0	0
70FW	20	29031	9	1	0	0
70FW	20	-16059	6	3	0	3
70FW	20	18005	8	3	1	4
70FW	20	28046	8	1	1	2
70FW	20	19062	9	1	0	0
70FW	20	19082	9	0	0	0
70FW	20	29020	9	3	0	0
70FW	20	18053	8	1	0	3
70FW	20	18049	8	2	0	3
70FW	20	19049	9	1	0	0
70FW	20	25040	5	3	0	1
70FW	20	17048	7	1	0	4
70FW	20	-16013	6	3	1	5
70FW	20	29004	9	1	0	0
70FW	20	25069	5	1	0	3
70FW	20	-16020	6	3	0	4
70FW	20	29032	9	1	0	0
70FW	20	18025	8	1	1	4
70FW	20	28005	8	2	1	3
70FW	20	29086	9	3	0	0
70FW	20	29028	9	1	0	0
70FW	20	19047	9	2	0	0
70FW	20	18058	8	3	0	3
70FW	20	-16041	6	3	1	2
70FW	20	28062	8	3	0	2
70FW	20	-15032	5	3	0	3
70FW	20	25036	5	2	1	3
70FW	20	26043	6	1	0	0
70FW	20	17040	7	1	0	5
70FW	20	19070	9	1	0	0
70FW	20	-15027	5	3	0	4
70FW	20	26042	6	1	1	4
70FW	20	27028	7	2	0	5
70FW	20	19003	9	1	0	0
70FW	20	19089	9	2	0	0
70FW	20	27068	7	3	1	3
70FW	20	19048	9	1	0	0
70FW	20	17004	7	3	1	3
70FW	20	25013	5	2	0	4
70FW	20	-15011	5	2	0	4
70FW	20	29075	9	2	0	0
70FW	20	27037	7	2	0	3
70FW	20	26030	6	2	1	4
70FW	20	29074	9	3	0	0
70FW	20	18036	8	1	0	4
70FW	20	29016	9	2	0	0
70FW	20	-15016	5	3	1	6
70FW	20	17065	7	2	0	3
70FW	20	17034	7	2	1	4
70FW	20	27051	7	2	0	2
70FW	20	19084	9	2	0	0
70FW	20	-16018	6	3	0	5
70FW	20	19031	9	2	0	0
70FW	20	-16010	6	1	1	3
70FW	20	18044	8	2	0	4
70FW	20	26058	6	3	0	4
70FW	20	28050	8	3	0	5
70FW	20	25012	5	3	0	3
70FW	20	29051	9	1	0	0
71JK	21	29020	9	1	0	0
71JK	21	19012	9	1	0	0
71JK	21	-15035	5	3	1	6
71JK	21	28069	8	2	1	6
71JK	21	19009	9	1	0	0
71JK	21	18028	8	3	1	6
71JK	21	29038	9	1	0	0
71JK	21	18030	8	2	1	6
71JK	21	-16055	6	3	1	6
71JK	21	28024	8	3	1	6
71JK	21	29077	9	1	0	0
71JK	21	17010	7	1	1	6
71JK	21	26010	6	3	1	6
71JK	21	29039	9	2	0	0
71JK	21	18024	8	2	1	6
71JK	21	29072	9	1	0	0
71JK	21	28003	8	1	1	6
71JK	21	29083	9	1	0	0
71JK	21	19053	9	2	0	0
71JK	21	19033	9	2	0	0
71JK	21	28022	8	2	1	6
71JK	21	26020	6	3	1	6
71JK	21	27007	7	2	1	6
71JK	21	-15064	5	3	1	6
71JK	21	17061	7	2	1	6
71JK	21	-16011	6	1	1	6
71JK	21	27064	7	2	1	6
71JK	21	-15051	5	3	1	6
71JK	21	-15016	5	3	1	6
71JK	21	-16020	6	3	1	6
71JK	21	27042	7	2	1	5
71JK	21	29025	9	2	0	0
71JK	21	-15047	5	3	1	6
71JK	21	19030	9	2	0	0
71JK	21	29080	9	2	0	0
71JK	21	28038	8	2	1	6
71JK	21	-15043	5	3	1	6
71JK	21	18065	8	2	1	6
71JK	21	-15057	5	2	1	6
71JK	21	-16041	6	3	1	6
71JK	21	29037	9	2	0	0
71JK	21	27065	7	3	1	6
71JK	21	26036	6	2	1	6
71JK	21	25033	5	3	1	6
71JK	21	27056	7	3	1	6
71JK	21	25017	5	3	1	6
71JK	21	19014	9	1	0	0
71JK	21	19076	9	1	0	0
71JK	21	19025	9	1	0	0
71JK	21	26072	6	2	1	6
71JK	21	-16006	6	3	1	6
71JK	21	27005	7	2	1	4
71JK	21	19048	9	1	0	0
71JK	21	17039	7	2	1	6
71JK	21	29076	9	2	0	0
71JK	21	29063	9	1	0	0
71JK	21	25045	5	3	1	6
71JK	21	19078	9	2	0	0
71JK	21	19050	9	2	0	0
71JK	21	27027	7	2	1	6
71JK	21	-15007	5	3	1	6
71JK	21	18026	8	3	1	6
71JK	21	19088	9	2	0	0
71JK	21	27026	7	1	1	6
71JK	21	29090	9	1	0	0
71JK	21	26044	6	2	1	6
71JK	21	-15022	5	3	1	6
71JK	21	27060	7	2	1	6
71JK	21	26014	6	3	1	6
71JK	21	19023	9	1	0	0
71JK	21	-16068	6	3	1	6
71JK	21	28068	8	3	1	6
71JK	21	-15001	5	3	1	6
71JK	21	-15045	5	3	1	6
71JK	21	19002	9	1	0	0
71JK	21	28054	8	2	1	6
71JK	21	19041	9	1	0	0
71JK	21	27039	7	2	1	6
71JK	21	29031	9	2	0	0
71JK	21	19056	9	1	0	0
71JK	21	26011	6	3	1	6
71JK	21	26030	6	3	1	6
71JK	21	19061	9	1	0	0
71JK	21	17031	7	2	1	6
71JK	21	28031	8	3	1	6
71JK	21	18037	8	2	1	6
71JK	21	25047	5	3	1	6
71JK	21	-16054	6	3	1	6
71JK	21	-15004	5	1	1	6
71JK	21	27002	7	2	1	6
71JK	21	18018	8	3	1	6
71JK	21	29089	9	1	0	0
71JK	21	-15071	5	2	1	6
71JK	21	27062	7	2	1	6
71JK	21	25051	5	3	1	6
71JK	21	17033	7	3	1	6
71JK	21	18049	8	1	1	6
71JK	21	29050	9	1	0	0
71JK	21	26057	6	3	1	6
71JK	21	-16060	6	3	1	6
71JK	21	18014	8	3	1	6
71JK	21	-16069	6	3	1	6
71JK	21	19086	9	1	0	0
71JK	21	29079	9	1	0	0
71JK	21	29046	9	1	0	0
71JK	21	29082	9	1	0	0
71JK	21	27050	7	1	1	6
71JK	21	28015	8	1	1	6
72BK	22	19042	9	1	0	0
72BK	22	29015	9	1	0	0
72BK	22	17013	7	1	0	2
72BK	22	29058	9	1	0	0
72BK	22	28041	8	1	0	2
72BK	22	27046	7	3	0	2
72BK	22	29051	9	1	0	0
72BK	22	28021	8	2	0	2
72BK	22	27030	7	1	1	2
72BK	22	17006	7	1	0	1
72BK	22	19007	9	1	0	0
72BK	22	27068	7	1	0	2
72BK	22	29088	9	1	0	0
72BK	22	19019	9	1	0	0
72BK	22	18033	8	1	0	4
72BK	22	19071	9	1	0	0
72BK	22	-16041	6	3	0	1
72BK	22	26039	6	1	0	1
72BK	22	17032	7	2	1	2
72BK	22	25027	5	3	1	1
72BK	22	29016	9	1	0	0
72BK	22	19072	9	1	0	0
72BK	22	19087	9	3	0	0
72BK	22	29022	9	1	0	0
72BK	22	-15054	5	3	0	2
72BK	22	25049	5	1	1	2
72BK	22	-16027	6	3	1	2
72BK	22	26056	6	1	0	1
72BK	22	18018	8	3	1	1
72BK	22	-16003	6	2	1	2
72BK	22	28017	8	2	1	2
72BK	22	25010	5	1	0	3
72BK	22	25005	5	3	1	3
72BK	22	-16071	6	1	0	3
72BK	22	28054	8	1	0	1
72BK	22	17069	7	1	0	1
72BK	22	19078	9	1	0	0
72BK	22	19035	9	1	0	0
72BK	22	19055	9	1	0	0
72BK	22	18055	8	1	1	1
72BK	22	28025	8	1	0	1
72BK	22	17008	7	1	0	3
72BK	22	29090	9	3	0	0
72BK	22	25012	5	1	1	4
72BK	22	26071	6	3	1	2
72BK	22	27024	7	3	0	4
72BK	22	-15068	5	1	1	2
72BK	22	25033	5	3	1	1
72BK	22	18037	8	1	0	1
72BK	22	29029	9	1	0	0
72BK	22	25016	5	3	0	1
72BK	22	19051	9	1	0	0
72BK	22	26032	6	1	0	1
72BK	22	26070	6	1	0	1
72BK	22	29071	9	1	0	0
72BK	22	-16063	6	3	0	3
72BK	22	29056	9	1	0	0
72BK	22	-16019	6	2	1	2
72BK	22	17010	7	3	0	2
72BK	22	-15065	5	3	1	1
72BK	22	29055	9	1	0	0
72BK	22	19038	9	2	0	0
72BK	22	-15052	5	3	1	2
72BK	22	26044	6	1	0	2
72BK	22	29046	9	1	0	0
72BK	22	29062	9	1	0	0
72BK	22	-15035	5	1	0	1
72BK	22	18012	8	1	1	2
72BK	22	25060	5	1	1	1
72BK	22	17059	7	1	0	1
72BK	22	26052	6	3	1	1
72BK	22	18001	8	1	0	2
72BK	22	19073	9	1	0	0
72BK	22	17021	7	1	0	2
72BK	22	17024	7	1	0	2
72BK	22	19056	9	1	0	0
72BK	22	-15048	5	1	0	2
72BK	22	27062	7	3	0	1
72BK	22	19021	9	1	0	0
72BK	22	28036	8	3	0	2
72BK	22	18046	8	1	1	1
72BK	22	25003	5	3	0	2
72BK	22	17043	7	3	1	2
72BK	22	26020	6	1	0	1
72BK	22	19068	9	3	0	0
72BK	22	29049	9	1	0	0
72BK	22	19013	9	1	0	0
72BK	22	-16016	6	3	0	2
72BK	22	26001	6	1	1	2
72BK	22	18058	8	2	0	1
72BK	22	25037	5	3	0	2
72BK	22	18030	8	3	0	1
72BK	22	26058	6	3	0	2
72BK	22	17061	7	3	0	1
72BK	22	29042	9	3	0	0
72BK	22	29081	9	1	0	0
72BK	22	29017	9	1	0	0
72BK	22	19080	9	2	0	0
72BK	22	18049	8	3	0	1
72BK	22	29048	9	1	0	0
72BK	22	27013	7	2	1	1
72BK	22	25063	5	3	1	1
72BK	22	19003	9	1	0	0
72BK	22	28065	8	2	0	2
72BK	22	25048	5	3	0	1
72BK	22	28007	8	1	0	1
72BK	22	17039	7	1	0	1
72BK	22	-16025	6	3	0	1
73MA	23	29050	9	2	0	0
73MA	23	28057	8	2	1	6
73MA	23	19053	9	1	0	0
73MA	23	29084	9	1	0	0
73MA	23	29013	9	2	0	0
73MA	23	29061	9	1	0	0
73MA	23	-16021	6	3	1	6
73MA	23	26022	6	3	1	2
73MA	23	19056	9	1	0	0
73MA	23	17052	7	2	1	4
73MA	23	17041	7	2	1	6
73MA	23	28047	8	3	1	3
73MA	23	25042	5	3	0	4
73MA	23	27027	7	3	1	5
73MA	23	29002	9	1	0	0
73MA	23	27061	7	1	1	3
73MA	23	25054	5	1	1	6
73MA	23	29049	9	2	0	0
73MA	23	19035	9	1	0	0
73MA	23	19004	9	1	0	0
73MA	23	26009	6	2	1	6
73MA	23	26004	6	1	0	3
73MA	23	17003	7	2	1	2
73MA	23	-15040	5	3	1	6
73MA	23	29018	9	2	0	0
73MA	23	-15043	5	2	1	6
73MA	23	-16056	6	2	0	2
73MA	23	17069	7	2	0	3
73MA	23	18011	8	1	1	4
73MA	23	25002	5	3	1	5
73MA	23	19061	9	1	0	0
73MA	23	25017	5	3	1	4
73MA	23	29075	9	2	0	0
73MA	23	19066	9	1	0	0
73MA	23	-15045	5	3	1	4
73MA	23	27055	7	3	1	6
73MA	23	27026	7	2	1	6
73MA	23	26008	6	2	1	6
73MA	23	25039	5	2	1	6
73MA	23	18072	8	1	1	6
73MA	23	29022	9	2	0	0
73MA	23	17002	7	1	1	6
73MA	23	26011	6	3	0	4
73MA	23	29033	9	1	0	0
73MA	23	28045	8	1	1	3
73MA	23	26070	6	3	1	6
73MA	23	28065	8	3	1	6
73MA	23	19079	9	1	0	0
73MA	23	18031	8	2	1	6
73MA	23	-15047	5	2	1	1
73MA	23	26034	6	2	1	6
73MA	23	18008	8	2	1	6
73MA	23	18061	8	2	1	5
73MA	23	19008	9	1	0	0
73MA	23	29073	9	1	0	0
73MA	23	25019	5	3	1	6
73MA	23	29029	9	1	0	0
73MA	23	-15018	5	3	1	6
73MA	23	28032	8	3	1	3
73MA	23	18029	8	3	0	2
73MA	23	19007	9	1	0	0
73MA	23	-16050	6	1	1	3
73MA	23	27037	7	2	0	4
73MA	23	19043	9	2	0	0
73MA	23	17054	7	2	1	4
73MA	23	27049	7	2	0	2
73MA	23	29020	9	1	0	0
73MA	23	-15060	5	2	1	4
73MA	23	18005	8	2	1	6
73MA	23	29086	9	1	0	0
73MA	23	28013	8	2	1	6
73MA	23	27044	7	1	1	5
73MA	23	19011	9	1	0	0
73MA	23	19022	9	2	0	0
73MA	23	28016	8	2	1	3
73MA	23	18028	8	2	1	6
73MA	23	19027	9	1	0	0
73MA	23	-16058	6	3	0	4
73MA	23	17065	7	2	0	6
73MA	23	29027	9	1	0	0
73MA	23	28051	8	2	0	4
73MA	23	-16024	6	3	0	3
73MA	23	27035	7	2	1	3
73MA	23	25024	5	2	0	3
73MA	23	-15035	5	3	1	4
73MA	23	29008	9	1	0	0
73MA	23	-16015	6	1	0	4
73MA	23	17034	7	2	1	6
73MA	23	18025	8	2	1	3
73MA	23	19039	9	1	0	0
73MA	23	25067	5	2	0	4
73MA	23	19029	9	1	0	0
73MA	23	26029	6	2	0	3
73MA	23	29015	9	2	0	0
73MA	23	28064	8	2	0	3
73MA	23	-16068	6	3	0	2
73MA	23	-16013	6	3	1	4
73MA	23	17020	7	2	1	5
73MA	23	25059	5	2	1	3
73MA	23	26072	6	3	1	4
73MA	23	29063	9	1	0	0
73MA	23	19001	9	1	0	0
73MA	23	17009	7	2	0	3
73MA	23	19025	9	2	0	0
73MA	23	-16037	6	2	1	2
73MA	23	-15064	5	3	1	6
73MA	23	25006	5	3	1	5
73MA	23	19047	9	2	0	0
74JZ	24	29081	9	1	0	0
74JZ	24	29069	9	1	0	0
74JZ	24	27037	7	2	1	2
74JZ	24	18055	8	1	0	2
74JZ	24	26026	6	2	1	6
74JZ	24	28066	8	2	1	2
74JZ	24	28046	8	2	1	6
74JZ	24	28063	8	2	1	6
74JZ	24	29033	9	1	0	0
74JZ	24	28060	8	2	1	6
74JZ	24	29087	9	2	0	0
74JZ	24	25062	5	3	0	3
74JZ	24	17015	7	2	1	6
74JZ	24	17030	7	2	1	6
74JZ	24	19075	9	1	0	0
74JZ	24	19079	9	1	0	0
74JZ	24	17013	7	2	1	3
74JZ	24	-16042	6	3	1	6
74JZ	24	19020	9	1	0	0
74JZ	24	25010	5	1	0	2
74JZ	24	-15020	5	3	0	2
74JZ	24	18044	8	2	1	6
74JZ	24	-16049	6	1	1	2
74JZ	24	28048	8	2	0	3
74JZ	24	19008	9	3	0	0
74JZ	24	26003	6	3	1	3
74JZ	24	19041	9	1	0	0
74JZ	24	29008	9	1	0	0
74JZ	24	-15007	5	3	1	6
74JZ	24	28052	8	2	1	6
74JZ	24	-16064	6	3	1	2
74JZ	24	19033	9	2	0	0
74JZ	24	19019	9	2	0	0
74JZ	24	25021	5	3	1	6
74JZ	24	-15051	5	3	1	6
74JZ	24	17031	7	2	0	2
74JZ	24	29026	9	1	0	0
74JZ	24	17066	7	2	1	2
74JZ	24	-16005	6	3	1	2
74JZ	24	19048	9	1	0	0
74JZ	24	28056	8	1	1	2
74JZ	24	29067	9	1	0	0
74JZ	24	26034	6	3	1	6
74JZ	24	17003	7	1	1	6
74JZ	24	25049	5	3	1	4
74JZ	24	27044	7	1	0	2
74JZ	24	19016	9	2	0	0
74JZ	24	19068	9	1	0	0
74JZ	24	-16057	6	3	0	2
74JZ	24	29046	9	2	0	0
74JZ	24	27029	7	2	1	2
74JZ	24	25015	5	2	0	2
74JZ	24	-16047	6	3	1	2
74JZ	24	25020	5	3	1	6
74JZ	24	19080	9	1	0	0
74JZ	24	19065	9	1	0	0
74JZ	24	18059	8	3	0	6
74JZ	24	29051	9	1	0	0
74JZ	24	17040	7	3	1	6
74JZ	24	17028	7	2	1	3
74JZ	24	19021	9	1	0	0
74JZ	24	29022	9	2	0	0
74JZ	24	19038	9	3	0	0
74JZ	24	18034	8	2	0	2
74JZ	24	27006	7	2	1	6
74JZ	24	17017	7	2	0	3
74JZ	24	28039	8	2	1	6
74JZ	24	29062	9	3	0	0
74JZ	24	29055	9	1	0	0
74JZ	24	-16070	6	3	0	2
74JZ	24	27035	7	2	1	6
74JZ	24	-15001	5	3	1	6
74JZ	24	18012	8	2	1	6
74JZ	24	26068	6	3	0	2
74JZ	24	29016	9	1	0	0
74JZ	24	28053	8	2	1	6
74JZ	24	-16061	6	3	0	2
74JZ	24	27007	7	2	1	6
74JZ	24	28011	8	2	1	6
74JZ	24	25058	5	3	0	2
74JZ	24	26024	6	3	0	2
74JZ	24	-16009	6	2	0	6
74JZ	24	17068	7	2	1	6
74JZ	24	-15038	5	3	1	3
74JZ	24	26028	6	3	1	2
74JZ	24	26002	6	3	0	2
74JZ	24	18054	8	2	1	2
74JZ	24	-16035	6	3	1	6
74JZ	24	19022	9	1	0	0
74JZ	24	18024	8	1	1	2
74JZ	24	17045	7	2	1	6
74JZ	24	29075	9	1	0	0
74JZ	24	-15021	5	3	0	2
74JZ	24	29042	9	1	0	0
74JZ	24	25071	5	3	1	6
74JZ	24	19036	9	1	0	0
74JZ	24	25013	5	3	0	2
74JZ	24	-15071	5	3	1	6
74JZ	24	19074	9	1	0	0
74JZ	24	29066	9	1	0	0
74JZ	24	29040	9	1	0	0
74JZ	24	19009	9	1	0	0
74JZ	24	27018	7	1	0	6
74JZ	24	25070	5	3	0	2
74JZ	24	-16026	6	3	1	6
74JZ	24	28031	8	2	1	2
74JZ	24	25042	5	3	0	2
74JZ	24	29011	9	1	0	0
75SH	25	19020	9	1	0	0
75SH	25	29073	9	1	0	0
75SH	25	25006	5	3	0	6
75SH	25	25062	5	2	0	4
75SH	25	29038	9	1	0	0
75SH	25	29005	9	1	0	0
75SH	25	29033	9	1	0	0
75SH	25	-15047	5	3	1	4
75SH	25	-15044	5	2	1	6
75SH	25	19008	9	1	0	0
75SH	25	26056	6	3	1	3
75SH	25	27002	7	2	0	4
75SH	25	19048	9	1	0	0
75SH	25	-15054	5	3	0	4
75SH	25	-15029	5	3	1	4
75SH	25	-16003	6	3	1	4
75SH	25	19042	9	1	0	0
75SH	25	29032	9	1	0	0
75SH	25	29027	9	1	0	0
75SH	25	27022	7	2	0	3
75SH	25	-16067	6	3	1	6
75SH	25	28015	8	2	1	4
75SH	25	28054	8	2	0	4
75SH	25	28066	8	3	0	5
75SH	25	18019	8	3	0	2
75SH	25	25057	5	3	1	6
75SH	25	29021	9	1	0	0
75SH	25	29059	9	2	0	0
75SH	25	17059	7	3	1	3
75SH	25	-15033	5	3	1	4
75SH	25	26048	6	3	0	5
75SH	25	19072	9	1	0	0
75SH	25	17064	7	2	1	6
75SH	25	-16011	6	3	1	6
75SH	25	-16046	6	3	0	3
75SH	25	27038	7	2	0	3
75SH	25	28026	8	2	1	6
75SH	25	27052	7	2	1	5
75SH	25	19023	9	1	0	0
75SH	25	27028	7	3	1	6
75SH	25	28034	8	2	0	6
75SH	25	19007	9	1	0	0
75SH	25	26019	6	1	1	4
75SH	25	18039	8	2	0	5
75SH	25	-16061	6	3	1	4
75SH	25	18042	8	1	0	2
75SH	25	-16017	6	3	0	3
75SH	25	-15035	5	3	1	6
75SH	25	27007	7	2	1	3
75SH	25	29062	9	2	0	0
75SH	25	19018	9	1	0	0
75SH	25	27017	7	2	0	6
75SH	25	29064	9	1	0	0
75SH	25	18009	8	3	1	2
75SH	25	29031	9	1	0	0
75SH	25	28031	8	3	1	6
75SH	25	17025	7	2	0	3
75SH	25	-15069	5	3	0	5
75SH	25	28010	8	1	0	4
75SH	25	25003	5	1	1	4
75SH	25	26011	6	3	1	6
75SH	25	29009	9	1	0	0
75SH	25	17058	7	1	0	4
75SH	25	29020	9	1	0	0
75SH	25	17008	7	2	0	6
75SH	25	18001	8	2	1	3
75SH	25	17056	7	2	0	6
75SH	25	19050	9	1	0	0
75SH	25	27071	7	1	0	5
75SH	25	25064	5	1	1	3
75SH	25	26014	6	3	0	4
75SH	25	28049	8	1	1	5
75SH	25	19086	9	1	0	0
75SH	25	-16050	6	3	0	3
75SH	25	29007	9	1	0	0
75SH	25	28067	8	3	1	6
75SH	25	18006	8	2	0	3
75SH	25	-15065	5	3	1	5
75SH	25	18022	8	2	1	5
75SH	25	19076	9	1	0	0
75SH	25	28024	8	1	1	4
75SH	25	17028	7	2	0	4
75SH	25	27043	7	2	0	4
75SH	25	19035	9	1	0	0
75SH	25	29061	9	1	0	0
75SH	25	19047	9	1	0	0
75SH	25	19001	9	1	0	0
75SH	25	-16024	6	3	1	4
75SH	25	25045	5	3	0	4
75SH	25	27030	7	3	1	6
75SH	25	-15051	5	3	0	4
75SH	25	19046	9	1	0	0
75SH	25	-16014	6	3	1	3
75SH	25	26040	6	1	1	3
75SH	25	29086	9	1	0	0
75SH	25	-16038	6	3	1	4
75SH	25	28042	8	3	0	3
75SH	25	27070	7	2	1	4
75SH	25	26060	6	2	1	4
75SH	25	19021	9	1	0	0
75SH	25	-15032	5	3	1	6
75SH	25	29079	9	1	0	0
75SH	25	19010	9	1	0	0
75SH	25	25035	5	3	1	4
75SH	25	29063	9	1	0	0
75SH	25	-15015	5	2	0	1
75SH	25	19053	9	1	0	0
75SH	25	-16071	6	2	1	4
76MM	26	29029	9	1	0	0
76MM	26	27034	7	2	0	3
76MM	26	-16043	6	1	0	2
76MM	26	28012	8	2	0	5
76MM	26	29048	9	1	0	0
76MM	26	-15036	5	3	1	5
76MM	26	-16009	6	3	0	4
76MM	26	19064	9	2	0	0
76MM	26	28021	8	3	1	5
76MM	26	18058	8	3	1	3
76MM	26	-16025	6	3	1	3
76MM	26	26052	6	1	1	4
76MM	26	-15047	5	3	1	4
76MM	26	28005	8	2	1	4
76MM	26	29088	9	1	0	0
76MM	26	-15014	5	1	1	6
76MM	26	-16008	6	2	0	3
76MM	26	19038	9	3	0	0
76MM	26	18027	8	3	0	3
76MM	26	27009	7	1	0	3
76MM	26	29057	9	2	0	0
76MM	26	-15049	5	3	1	3
76MM	26	17018	7	1	1	3
76MM	26	25042	5	3	0	4
76MM	26	27061	7	1	1	4
76MM	26	29067	9	1	0	0
76MM	26	19051	9	1	0	0
76MM	26	26030	6	1	1	3
76MM	26	29019	9	1	0	0
76MM	26	-15006	5	3	0	4
76MM	26	17072	7	1	1	6
76MM	26	25060	5	1	1	4
76MM	26	26017	6	1	1	6
76MM	26	26065	6	3	1	5
76MM	26	18020	8	2	1	3
76MM	26	19026	9	1	0	0
76MM	26	19061	9	1	0	0
76MM	26	18070	8	2	0	3
76MM	26	28046	8	3	0	4
76MM	26	25049	5	3	0	4
76MM	26	26008	6	3	0	3
76MM	26	27004	7	2	1	5
76MM	26	19039	9	1	0	0
76MM	26	27023	7	2	1	5
76MM	26	19080	9	1	0	0
76MM	26	19021	9	1	0	0
76MM	26	27039	7	2	0	3
76MM	26	-15038	5	2	1	5
76MM	26	29016	9	1	0	0
76MM	26	19037	9	1	0	0
76MM	26	18003	8	3	1	4
76MM	26	19034	9	1	0	0
76MM	26	19010	9	1	0	0
76MM	26	17039	7	2	1	4
76MM	26	19087	9	2	0	0
76MM	26	25025	5	2	0	2
76MM	26	29040	9	1	0	0
76MM	26	19079	9	1	0	0
76MM	26	25043	5	1	0	3
76MM	26	19024	9	1	0	0
76MM	26	19040	9	1	0	0
76MM	26	29070	9	1	0	0
76MM	26	-16016	6	3	1	4
76MM	26	28048	8	1	1	3
76MM	26	28057	8	2	1	4
76MM	26	29006	9	1	0	0
76MM	26	-15061	5	2	1	4
76MM	26	-16033	6	3	0	4
76MM	26	29069	9	1	0	0
76MM	26	29023	9	1	0	0
76MM	26	19004	9	1	0	0
76MM	26	-15041	5	2	1	4
76MM	26	27015	7	3	1	3
76MM	26	18063	8	1	0	2
76MM	26	29085	9	2	0	0
76MM	26	-15021	5	3	0	4
76MM	26	25031	5	3	0	4
76MM	26	29050	9	1	0	0
76MM	26	28001	8	2	1	5
76MM	26	27071	7	1	1	5
76MM	26	27013	7	2	0	3
76MM	26	19020	9	1	0	0
76MM	26	17031	7	2	1	4
76MM	26	25036	5	3	1	4
76MM	26	18002	8	3	0	3
76MM	26	28020	8	2	0	5
76MM	26	-16051	6	2	1	4
76MM	26	25067	5	1	1	5
76MM	26	17054	7	2	0	4
76MM	26	29053	9	3	0	0
76MM	26	-16066	6	2	1	6
76MM	26	-16029	6	1	1	4
76MM	26	26037	6	1	1	3
76MM	26	19050	9	1	0	0
76MM	26	28063	8	1	1	4
76MM	26	18056	8	2	0	3
76MM	26	28070	8	1	1	3
76MM	26	29075	9	1	0	0
76MM	26	26056	6	1	1	5
76MM	26	29007	9	1	0	0
76MM	26	29087	9	1	0	0
76MM	26	26028	6	2	1	5
76MM	26	-15023	5	3	1	6
76MM	26	17011	7	1	1	5
76MM	26	-16067	6	3	0	4
76MM	26	17059	7	2	1	6
76MM	26	17046	7	1	1	4
76MM	26	27054	7	1	1	5
77DT	27	29016	9	1	0	0
77DT	27	25049	5	2	0	3
77DT	27	-16004	6	2	1	6
77DT	27	-16042	6	1	0	4
77DT	27	29046	9	1	0	0
77DT	27	19066	9	1	0	0
77DT	27	17052	7	1	0	4
77DT	27	19083	9	1	0	0
77DT	27	27071	7	1	1	5
77DT	27	26029	6	2	1	5
77DT	27	29033	9	1	0	0
77DT	27	25002	5	3	0	3
77DT	27	18022	8	1	1	4
77DT	27	29019	9	1	0	0
77DT	27	-15044	5	3	0	4
77DT	27	19087	9	2	0	0
77DT	27	18055	8	1	0	3
77DT	27	25044	5	2	0	3
77DT	27	27032	7	2	1	6
77DT	27	27057	7	2	0	4
77DT	27	29051	9	1	0	0
77DT	27	18053	8	2	0	1
77DT	27	29029	9	1	0	0
77DT	27	19037	9	1	0	0
77DT	27	27005	7	1	0	2
77DT	27	18031	8	2	0	2
77DT	27	19059	9	1	0	0
77DT	27	-16006	6	2	1	2
77DT	27	19001	9	1	0	0
77DT	27	28062	8	2	0	3
77DT	27	-16068	6	3	1	5
77DT	27	19052	9	1	0	0
77DT	27	-15026	5	1	1	2
77DT	27	-15058	5	3	1	4
77DT	27	19038	9	1	0	0
77DT	27	28011	8	1	0	5
77DT	27	17010	7	2	0	4
77DT	27	19025	9	1	0	0
77DT	27	-15063	5	2	1	5
77DT	27	26051	6	3	1	6
77DT	27	29086	9	2	0	0
77DT	27	17069	7	1	0	2
77DT	27	18002	8	2	1	2
77DT	27	-16045	6	3	1	2
77DT	27	26016	6	3	0	3
77DT	27	19020	9	1	0	0
77DT	27	17060	7	1	0	5
77DT	27	28038	8	3	1	1
77DT	27	-15019	5	3	1	3
77DT	27	28027	8	3	1	5
77DT	27	29077	9	2	0	0
77DT	27	27047	7	3	1	6
77DT	27	26007	6	2	0	2
77DT	27	25023	5	3	1	5
77DT	27	29037	9	1	0	0
77DT	27	29005	9	2	0	0
77DT	27	29052	9	1	0	0
77DT	27	29040	9	1	0	0
77DT	27	27042	7	1	0	1
77DT	27	25026	5	1	1	3
77DT	27	-15039	5	1	0	2
77DT	27	28003	8	3	0	5
77DT	27	26056	6	2	1	5
77DT	27	27033	7	2	1	6
77DT	27	29066	9	1	0	0
77DT	27	18065	8	2	1	4
77DT	27	26060	6	2	1	1
77DT	27	29053	9	2	0	0
77DT	27	-15012	5	3	0	4
77DT	27	-16008	6	2	0	3
77DT	27	18014	8	1	0	5
77DT	27	27069	7	1	0	4
77DT	27	25065	5	3	0	4
77DT	27	26014	6	3	0	3
77DT	27	17028	7	3	0	5
77DT	27	19089	9	2	0	0
77DT	27	28036	8	3	1	3
77DT	27	19044	9	2	0	0
77DT	27	19030	9	1	0	0
77DT	27	29034	9	1	0	0
77DT	27	26021	6	2	1	6
77DT	27	29059	9	1	0	0
77DT	27	19010	9	1	0	0
77DT	27	25020	5	3	0	5
77DT	27	-16036	6	3	1	4
77DT	27	28010	8	1	0	3
77DT	27	18023	8	1	1	4
77DT	27	17072	7	3	1	3
77DT	27	-16033	6	3	0	2
77DT	27	19003	9	1	0	0
77DT	27	25046	5	3	0	1
77DT	27	-15037	5	3	0	4
77DT	27	17050	7	2	0	5
77DT	27	19047	9	2	0	0
77DT	27	29050	9	1	0	0
77DT	27	-15030	5	3	0	4
77DT	27	19060	9	1	0	0
77DT	27	26040	6	2	1	3
77DT	27	-15015	5	2	0	4
77DT	27	18062	8	1	0	4
77DT	27	17047	7	3	1	5
77DT	27	28018	8	2	0	1
77DT	27	28053	8	1	0	5
77DT	27	29073	9	1	0	0
77DT	27	27064	7	3	1	5
77DT	27	27068	7	2	0	3
77DT	27	-16017	6	2	0	5
77DT	27	19045	9	1	0	0
78SA	28	29006	9	1	0	0
78SA	28	29024	9	1	0	0
78SA	28	26059	6	2	1	3
78SA	28	18010	8	1	1	4
78SA	28	-15044	5	3	1	2
78SA	28	18049	8	1	1	6
78SA	28	29020	9	1	0	0
78SA	28	18017	8	3	1	6
78SA	28	27014	7	2	1	4
78SA	28	26051	6	1	1	4
78SA	28	27005	7	2	1	4
78SA	28	29088	9	1	0	0
78SA	28	-16056	6	3	0	3
78SA	28	19013	9	1	0	0
78SA	28	25061	5	3	0	3
78SA	28	27042	7	2	1	3
78SA	28	28072	8	1	1	6
78SA	28	-16006	6	3	0	3
78SA	28	18041	8	2	1	3
78SA	28	29081	9	1	0	0
78SA	28	25022	5	3	1	6
78SA	28	19020	9	1	0	0
78SA	28	-16036	6	3	0	4
78SA	28	17030	7	2	1	4
78SA	28	25038	5	1	0	4
78SA	28	-15034	5	3	1	4
78SA	28	29070	9	1	0	0
78SA	28	29032	9	1	0	0
78SA	28	17027	7	2	1	4
78SA	28	26019	6	3	0	3
78SA	28	26001	6	1	1	6
78SA	28	25067	5	3	0	3
78SA	28	19045	9	2	0	0
78SA	28	17072	7	3	0	3
78SA	28	29007	9	1	0	0
78SA	28	18040	8	1	0	3
78SA	28	19024	9	1	0	0
78SA	28	17047	7	1	1	6
78SA	28	28049	8	2	1	5
78SA	28	19003	9	1	0	0
78SA	28	19087	9	3	0	0
78SA	28	-15037	5	1	0	3
78SA	28	19055	9	1	0	0
78SA	28	-16057	6	2	1	2
78SA	28	-15070	5	3	0	3
78SA	28	27039	7	1	1	5
78SA	28	29026	9	1	0	0
78SA	28	26064	6	1	1	4
78SA	28	29045	9	1	0	0
78SA	28	28036	8	3	1	6
78SA	28	18023	8	1	1	4
78SA	28	25043	5	1	1	4
78SA	28	17066	7	1	1	3
78SA	28	19027	9	1	0	0
78SA	28	29036	9	1	0	0
78SA	28	29016	9	1	0	0
78SA	28	28070	8	1	1	3
78SA	28	-16001	6	1	0	1
78SA	28	19080	9	1	0	0
78SA	28	25053	5	3	1	3
78SA	28	27033	7	1	1	3
78SA	28	-16059	6	3	1	4
78SA	28	19041	9	1	0	0
78SA	28	19089	9	1	0	0
78SA	28	28031	8	3	1	4
78SA	28	26066	6	3	1	5
78SA	28	27012	7	2	1	5
78SA	28	17063	7	3	1	4
78SA	28	29030	9	2	0	0
78SA	28	29040	9	1	0	0
78SA	28	-16031	6	3	1	4
78SA	28	28026	8	2	1	4
78SA	28	-15025	5	3	1	2
78SA	28	-15052	5	3	1	3
78SA	28	19037	9	1	0	0
78SA	28	18019	8	3	0	4
78SA	28	18022	8	2	1	4
78SA	28	19029	9	1	0	0
78SA	28	29079	9	1	0	0
78SA	28	18062	8	1	1	6
78SA	28	29011	9	1	0	0
78SA	28	26023	6	3	1	3
78SA	28	26015	6	2	1	4
78SA	28	25055	5	3	1	5
78SA	28	-15007	5	3	0	2
78SA	28	27008	7	2	1	5
78SA	28	17046	7	1	1	3
78SA	28	28017	8	2	1	3
78SA	28	18003	8	1	1	3
78SA	28	26010	6	1	1	3
78SA	28	19064	9	1	0	0
78SA	28	26045	6	2	1	4
78SA	28	17015	7	2	0	3
78SA	28	26047	6	2	1	6
78SA	28	27029	7	2	0	4
78SA	28	18012	8	3	1	3
78SA	28	17013	7	1	1	5
78SA	28	19070	9	1	0	0
78SA	28	19054	9	1	0	0
78SA	28	29001	9	1	0	0
78SA	28	27058	7	2	0	5
78SA	28	25003	5	3	1	3
78SA	28	29041	9	1	0	0
78SA	28	-15054	5	3	1	3
78SA	28	-15068	5	3	0	3
78SA	28	25028	5	2	1	4
78SA	28	19019	9	1	0	0
78SA	28	19067	9	1	0	0
79TL	29	19026	9	1	0	0
79TL	29	27027	7	2	0	3
79TL	29	28031	8	1	1	6
79TL	29	-16043	6	2	0	2
79TL	29	19073	9	1	0	0
79TL	29	18028	8	3	1	5
79TL	29	29054	9	1	0	0
79TL	29	25063	5	3	1	2
79TL	29	28068	8	2	1	6
79TL	29	-15030	5	1	1	6
79TL	29	18038	8	1	1	6
79TL	29	-16035	6	3	0	6
79TL	29	28030	8	3	1	1
79TL	29	28022	8	3	1	5
79TL	29	-15071	5	1	1	4
79TL	29	17013	7	2	1	6
79TL	29	25049	5	3	1	4
79TL	29	29072	9	3	0	0
79TL	29	17006	7	3	1	6
79TL	29	27071	7	1	0	2
79TL	29	19054	9	2	0	0
79TL	29	29069	9	1	0	0
79TL	29	25040	5	3	1	6
79TL	29	-15025	5	3	0	5
79TL	29	29027	9	2	0	0
79TL	29	27034	7	2	0	1
79TL	29	27060	7	2	1	4
79TL	29	29037	9	1	0	0
79TL	29	18033	8	3	1	6
79TL	29	19006	9	1	0	0
79TL	29	17032	7	3	0	4
79TL	29	26003	6	3	0	3
79TL	29	29043	9	1	0	0
79TL	29	19037	9	1	0	0
79TL	29	-16008	6	1	1	4
79TL	29	18015	8	2	0	3
79TL	29	-16050	6	3	1	5
79TL	29	27048	7	3	1	3
79TL	29	25069	5	3	1	5
79TL	29	-16052	6	3	0	4
79TL	29	25017	5	3	1	3
79TL	29	26066	6	3	0	2
79TL	29	19008	9	1	0	0
79TL	29	28036	8	1	0	4
79TL	29	29006	9	1	0	0
79TL	29	19045	9	2	0	0
79TL	29	19052	9	1	0	0
79TL	29	17022	7	2	1	3
79TL	29	26026	6	3	0	3
79TL	29	29077	9	2	0	0
79TL	29	19027	9	1	0	0
79TL	29	-15056	5	3	0	3
79TL	29	19046	9	1	0	0
79TL	29	-16068	6	3	1	5
79TL	29	29011	9	1	0	0
79TL	29	18059	8	3	1	1
79TL	29	26023	6	3	1	4
79TL	29	-15066	5	3	1	5
79TL	29	29084	9	1	0	0
79TL	29	29079	9	1	0	0
79TL	29	29071	9	1	0	0
79TL	29	19067	9	1	0	0
79TL	29	28038	8	2	1	4
79TL	29	-16039	6	3	0	4
79TL	29	17054	7	2	1	4
79TL	29	25008	5	3	1	1
79TL	29	-15070	5	3	1	6
79TL	29	25011	5	3	1	5
79TL	29	27058	7	1	1	5
79TL	29	19071	9	1	0	0
79TL	29	19029	9	1	0	0
79TL	29	28062	8	3	1	3
79TL	29	17003	7	3	1	6
79TL	29	17024	7	3	1	4
79TL	29	-16018	6	3	1	3
79TL	29	27055	7	3	0	3
79TL	29	-15057	5	3	1	4
79TL	29	19003	9	1	0	0
79TL	29	26015	6	3	1	6
79TL	29	28010	8	2	1	6
79TL	29	29066	9	1	0	0
79TL	29	28020	8	2	1	1
79TL	29	29086	9	1	0	0
79TL	29	29029	9	1	0	0
79TL	29	-16019	6	3	1	5
79TL	29	27043	7	1	0	1
79TL	29	26002	6	3	1	5
79TL	29	18001	8	2	1	5
79TL	29	19021	9	1	0	0
79TL	29	29010	9	1	0	0
79TL	29	26041	6	3	0	2
79TL	29	29031	9	2	0	0
79TL	29	27053	7	1	1	3
79TL	29	25006	5	2	1	3
79TL	29	17009	7	2	1	3
79TL	29	17063	7	1	1	5
79TL	29	19020	9	1	0	0
79TL	29	26014	6	1	0	3
79TL	29	29052	9	1	0	0
79TL	29	-15061	5	3	0	3
79TL	29	-15011	5	3	0	1
79TL	29	25052	5	1	0	4
79TL	29	28046	8	1	0	3
79TL	29	-16041	6	3	0	1
79TL	29	19074	9	2	0	0
79TL	29	19032	9	2	0	0
79TL	29	18045	8	2	0	3
79TL	29	18047	8	1	1	5
80NJ	30	19076	9	1	0	0
80NJ	30	25037	5	3	1	6
80NJ	30	17030	7	2	0	6
80NJ	30	18017	8	2	0	5
80NJ	30	26046	6	3	1	6
80NJ	30	19078	9	1	0	0
80NJ	30	26027	6	3	1	6
80NJ	30	-16010	6	3	0	3
80NJ	30	17016	7	2	0	4
80NJ	30	19024	9	1	0	0
80NJ	30	27040	7	2	0	1
80NJ	30	17027	7	2	1	5
80NJ	30	29072	9	1	0	0
80NJ	30	29022	9	2	0	0
80NJ	30	19081	9	2	0	0
80NJ	30	25055	5	3	1	6
80NJ	30	17053	7	3	0	3
80NJ	30	27044	7	2	1	3
80NJ	30	28050	8	2	1	6
80NJ	30	29071	9	2	0	0
80NJ	30	18055	8	3	0	3
80NJ	30	-16057	6	3	1	5
80NJ	30	19039	9	2	0	0
80NJ	30	-15034	5	3	0	6
80NJ	30	-15026	5	3	1	6
80NJ	30	29041	9	1	0	0
80NJ	30	18032	8	2	0	5
80NJ	30	29001	9	1	0	0
80NJ	30	28016	8	2	1	6
80NJ	30	26022	6	3	0	5
80NJ	30	17048	7	2	1	4
80NJ	30	26071	6	2	1	4
80NJ	30	-16024	6	3	0	5
80NJ	30	29021	9	1	0	0
80NJ	30	18072	8	2	0	5
80NJ	30	-15036	5	3	1	4
80NJ	30	-15049	5	2	1	6
80NJ	30	28062	8	2	1	5
80NJ	30	19075	9	1	0	0
80NJ	30	19088	9	1	0	0
80NJ	30	29084	9	1	0	0
80NJ	30	25026	5	3	0	4
80NJ	30	19001	9	2	0	0
80NJ	30	27006	7	2	0	2
80NJ	30	18045	8	2	1	5
80NJ	30	28047	8	2	1	6
80NJ	30	26054	6	2	1	4
80NJ	30	29018	9	2	0	0
80NJ	30	-16061	6	3	0	3
80NJ	30	-15063	5	3	1	6
80NJ	30	17001	7	2	1	6
80NJ	30	19021	9	2	0	0
80NJ	30	25009	5	3	1	3
80NJ	30	19027	9	1	0	0
80NJ	30	29061	9	1	0	0
80NJ	30	-15019	5	3	0	3
80NJ	30	28007	8	1	1	6
80NJ	30	27017	7	2	1	6
80NJ	30	-15008	5	3	1	6
80NJ	30	19083	9	1	0	0
80NJ	30	18067	8	2	1	5
80NJ	30	-15005	5	3	0	4
80NJ	30	-16012	6	3	0	5
80NJ	30	29025	9	1	0	0
80NJ	30	19033	9	2	0	0
80NJ	30	27059	7	2	1	6
80NJ	30	19066	9	1	0	0
80NJ	30	25032	5	3	0	5
80NJ	30	26058	6	3	1	3
80NJ	30	27001	7	2	1	5
80NJ	30	19009	9	1	0	0
80NJ	30	29047	9	1	0	0
80NJ	30	-15070	5	3	0	5
80NJ	30	-16060	6	3	1	5
80NJ	30	28063	8	2	0	3
80NJ	30	25020	5	3	1	4
80NJ	30	29037	9	1	0	0
80NJ	30	26067	6	3	1	6
80NJ	30	25023	5	2	0	1
80NJ	30	19028	9	1	0	0
80NJ	30	17065	7	2	1	6
80NJ	30	29004	9	1	0	0
80NJ	30	29090	9	2	0	0
80NJ	30	19011	9	1	0	0
80NJ	30	29086	9	1	0	0
80NJ	30	27066	7	2	1	5
80NJ	30	19055	9	1	0	0
80NJ	30	-16038	6	3	0	4
80NJ	30	26003	6	1	1	4
80NJ	30	25029	5	3	1	1
80NJ	30	-16039	6	3	0	4
80NJ	30	29029	9	2	0	0
80NJ	30	19017	9	1	0	0
80NJ	30	28036	8	2	0	4
80NJ	30	18044	8	2	0	5
80NJ	30	18022	8	2	0	4
80NJ	30	17004	7	2	1	5
80NJ	30	-15052	5	3	1	2
80NJ	30	27052	7	2	1	6
80NJ	30	29067	9	1	0	0
80NJ	30	18041	8	2	1	4
80NJ	30	28012	8	2	1	6
80NJ	30	26069	6	2	1	6
80NJ	30	27042	7	1	1	5
80NJ	30	27014	7	2	1	1
80NJ	30	29012	9	1	0	0
80NJ	30	28033	8	2	1	5
80NJ	30	-16013	6	3	1	5
81KK	31	29059	9	2	0	0
81KK	31	29080	9	2	0	0
81KK	31	27062	7	3	0	1
81KK	31	28017	8	3	1	1
81KK	31	29086	9	2	0	0
81KK	31	29042	9	2	0	0
81KK	31	29043	9	1	0	0
81KK	31	19029	9	1	0	0
81KK	31	26008	6	3	1	1
81KK	31	28068	8	2	0	2
81KK	31	29040	9	1	0	0
81KK	31	-15062	5	3	0	1
81KK	31	29016	9	1	0	0
81KK	31	25044	5	2	0	1
81KK	31	-15002	5	0	1	1
81KK	31	18053	8	3	0	1
81KK	31	-15031	5	3	0	0
81KK	31	26035	6	3	1	1
81KK	31	25009	5	1	1	1
81KK	31	19026	9	1	0	0
81KK	31	29056	9	0	0	0
81KK	31	26014	6	3	1	1
81KK	31	28066	8	0	0	1
81KK	31	19064	9	1	0	0
81KK	31	26005	6	3	1	1
81KK	31	25071	5	0	0	1
81KK	31	17027	7	1	0	1
81KK	31	27011	7	1	1	1
81KK	31	17048	7	3	1	2
81KK	31	-16063	6	3	0	1
81KK	31	18022	8	1	0	1
81KK	31	27046	7	3	0	1
81KK	31	19054	9	2	0	0
81KK	31	27048	7	3	0	2
81KK	31	18007	8	3	0	1
81KK	31	18019	8	3	0	1
81KK	31	29017	9	3	0	0
81KK	31	19039	9	1	0	0
81KK	31	-15058	5	2	0	1
81KK	31	-16068	6	3	0	1
81KK	31	25057	5	3	1	1
81KK	31	26055	6	1	0	1
81KK	31	18012	8	1	0	1
81KK	31	19027	9	1	0	0
81KK	31	-16005	6	3	0	1
81KK	31	29068	9	1	0	0
81KK	31	28037	8	3	0	1
81KK	31	26042	6	1	1	1
81KK	31	27030	7	0	0	1
81KK	31	17018	7	3	0	1
81KK	31	-15039	5	1	0	1
81KK	31	27015	7	3	0	1
81KK	31	19021	9	1	0	0
81KK	31	19030	9	1	0	0
81KK	31	19075	9	1	0	0
81KK	31	29022	9	1	0	0
81KK	31	27031	7	1	1	2
81KK	31	19007	9	1	0	0
81KK	31	18043	8	3	0	1
81KK	31	27020	7	3	0	1
81KK	31	17004	7	2	0	1
81KK	31	-15066	5	2	1	1
81KK	31	19083	9	1	0	0
81KK	31	-15036	5	0	0	1
81KK	31	29001	9	0	0	0
81KK	31	-15060	5	3	1	1
81KK	31	26039	6	2	0	1
81KK	31	27069	7	1	1	1
81KK	31	26002	6	2	0	1
81KK	31	-16051	6	3	0	1
81KK	31	29048	9	1	0	0
81KK	31	29063	9	1	0	0
81KK	31	18050	8	0	1	1
81KK	31	26028	6	1	1	6
81KK	31	25049	5	1	0	1
81KK	31	-15034	5	1	1	1
81KK	31	19008	9	1	0	0
81KK	31	19040	9	1	0	0
81KK	31	17069	7	1	1	1
81KK	31	18046	8	3	1	1
81KK	31	19076	9	1	0	0
81KK	31	19050	9	1	0	0
81KK	31	29011	9	0	0	0
81KK	31	27024	7	3	1	1
81KK	31	25033	5	3	1	3
81KK	31	26060	6	1	0	1
81KK	31	29075	9	1	0	0
81KK	31	18009	8	1	1	1
81KK	31	19055	9	1	0	0
81KK	31	28051	8	3	1	1
81KK	31	-15041	5	3	1	1
81KK	31	28054	8	1	0	1
81KK	31	-15038	5	3	0	1
81KK	31	17024	7	1	0	1
81KK	31	-16026	6	1	0	1
81KK	31	27064	7	3	0	1
81KK	31	17072	7	2	0	1
81KK	31	19031	9	1	0	0
81KK	31	19010	9	1	0	0
81KK	31	18013	8	3	1	6
81KK	31	26004	6	1	1	2
81KK	31	18056	8	2	0	1
81KK	31	25025	5	3	0	1
81KK	31	29012	9	1	0	0
81KK	31	26021	6	0	1	1
81KK	31	-16030	6	3	1	1
81KK	31	29047	9	2	0	0
81KK	31	18016	8	2	0	1
82KB	32	29082	9	1	0	0
82KB	32	17003	7	1	0	3
82KB	32	17008	7	2	1	2
82KB	32	17028	7	2	0	2
82KB	32	26040	6	1	1	6
82KB	32	29030	9	1	0	0
82KB	32	19051	9	1	0	0
82KB	32	29047	9	1	0	0
82KB	32	18024	8	3	1	4
82KB	32	27017	7	2	1	3
82KB	32	17063	7	2	1	3
82KB	32	-16035	6	3	1	2
82KB	32	25019	5	3	1	2
82KB	32	25066	5	3	0	2
82KB	32	-16020	6	3	0	2
82KB	32	29059	9	1	0	0
82KB	32	28001	8	2	1	4
82KB	32	-15065	5	3	0	3
82KB	32	29069	9	1	0	0
82KB	32	19086	9	1	0	0
82KB	32	25048	5	3	0	4
82KB	32	18025	8	2	0	3
82KB	32	25061	5	2	0	1
82KB	32	-16018	6	3	1	5
82KB	32	19088	9	1	0	0
82KB	32	18058	8	3	0	1
82KB	32	17045	7	2	1	1
82KB	32	25036	5	3	1	4
82KB	32	17054	7	1	0	4
82KB	32	28005	8	2	0	3
82KB	32	26007	6	3	1	2
82KB	32	19059	9	1	0	0
82KB	32	29023	9	1	0	0
82KB	32	29088	9	1	0	0
82KB	32	19039	9	1	0	0
82KB	32	28069	8	2	0	3
82KB	32	-15068	5	3	0	5
82KB	32	29026	9	1	0	0
82KB	32	-15033	5	3	1	4
82KB	32	17041	7	2	0	3
82KB	32	-15016	5	3	0	1
82KB	32	26041	6	2	1	3
82KB	32	-16059	6	2	1	4
82KB	32	28014	8	1	0	1
82KB	32	19018	9	2	0	0
82KB	32	29057	9	1	0	0
82KB	32	19058	9	1	0	0
82KB	32	27046	7	2	1	3
82KB	32	-16002	6	3	0	3
82KB	32	19042	9	1	0	0
82KB	32	26049	6	3	0	4
82KB	32	19070	9	1	0	0
82KB	32	28043	8	2	0	2
82KB	32	18055	8	1	0	4
82KB	32	19085	9	1	0	0
82KB	32	-16013	6	3	0	3
82KB	32	25060	5	2	1	2
82KB	32	18040	8	2	1	2
82KB	32	29075	9	1	0	0
82KB	32	17032	7	1	1	4
82KB	32	29038	9	1	0	0
82KB	32	27053	7	1	0	4
82KB	32	-15049	5	1	0	4
82KB	32	29035	9	1	0	0
82KB	32	19035	9	1	0	0
82KB	32	25026	5	3	1	2
82KB	32	29074	9	1	0	0
82KB	32	19049	9	1	0	0
82KB	32	-16006	6	3	0	3
82KB	32	29014	9	1	0	0
82KB	32	19060	9	1	0	0
82KB	32	29045	9	1	0	0
82KB	32	27004	7	2	1	2
82KB	32	29050	9	2	0	0
82KB	32	28037	8	2	1	3
82KB	32	19071	9	1	0	0
82KB	32	19047	9	2	0	0
82KB	32	-15011	5	2	0	4
82KB	32	18029	8	2	0	1
82KB	32	17062	7	2	0	5
82KB	32	17022	7	2	0	4
82KB	32	27072	7	1	1	1
82KB	32	26016	6	3	0	1
82KB	32	26009	6	2	0	6
82KB	32	25011	5	3	0	3
82KB	32	27052	7	2	0	1
82KB	32	17069	7	2	1	2
82KB	32	19023	9	1	0	0
82KB	32	18009	8	1	1	2
82KB	32	26055	6	1	0	1
82KB	32	27021	7	2	1	1
82KB	32	25030	5	2	0	2
82KB	32	19082	9	1	0	0
82KB	32	28027	8	3	1	4
82KB	32	18072	8	3	1	4
82KB	32	26024	6	1	0	3
82KB	32	-16037	6	1	1	6
82KB	32	26064	6	3	1	1
82KB	32	28031	8	1	1	4
82KB	32	-15047	5	2	0	4
82KB	32	29048	9	1	0	0
82KB	32	29076	9	1	0	0
82KB	32	26068	6	1	0	1
82KB	32	25057	5	3	1	2
82KB	32	25034	5	3	1	2
82KB	32	18051	8	2	1	1
82KB	32	18044	8	2	0	1
82KB	32	19029	9	1	0	0
