subj	subj_idx	item	condition	item_mem	Bmem	Bconf
2CB	1	29013	9	1	0	0
2CB	1	18043	8	2	0	6
2CB	1	28062	8	2	0	6
2CB	1	19033	9	1	0	0
2CB	1	-16027	6	2	0	6
2CB	1	18011	8	2	0	4
2CB	1	29023	9	1	0	0
2CB	1	29055	9	1	0	0
2CB	1	25007	5	2	1	3
2CB	1	25026	5	3	1	6
2CB	1	17045	7	1	0	1
2CB	1	17062	7	1	1	4
2CB	1	29056	9	2	0	0
2CB	1	17024	7	2	0	6
2CB	1	-16058	6	1	0	0
2CB	1	25044	5	2	1	6
2CB	1	29071	9	1	0	0
2CB	1	28055	8	3	0	5
2CB	1	26033	6	2	0	6
2CB	1	-16051	6	3	0	3
2CB	1	29015	9	1	0	0
2CB	1	26021	6	3	1	2
2CB	1	17053	7	2	0	4
2CB	1	19030	9	1	0	0
2CB	1	27027	7	2	0	6
2CB	1	27039	7	2	1	4
2CB	1	25058	5	2	1	2
2CB	1	-15010	5	1	0	2
2CB	1	18063	8	2	0	6
2CB	1	26012	6	2	0	5
2CB	1	18071	8	2	0	1
2CB	1	25024	5	1	0	2
2CB	1	25038	5	2	0	4
2CB	1	27067	7	1	0	5
2CB	1	19056	9	1	0	0
2CB	1	19081	9	1	0	0
2CB	1	29010	9	1	0	0
2CB	1	26001	6	3	0	5
2CB	1	26005	6	2	0	0
2CB	1	18007	8	1	0	1
2CB	1	-15030	5	1	0	1
2CB	1	26042	6	1	0	1
2CB	1	27017	7	1	0	4
2CB	1	29090	9	1	0	0
2CB	1	19058	9	1	0	0
2CB	1	17002	7	2	0	6
2CB	1	18018	8	3	0	6
2CB	1	19001	9	1	0	0
2CB	1	19088	9	1	0	0
2CB	1	29039	9	1	0	0
2CB	1	18070	8	1	0	5
2CB	1	19050	9	2	0	0
2CB	1	19069	9	1	0	0
2CB	1	25047	5	3	0	5
2CB	1	29037	9	1	0	0
2CB	1	26010	6	2	0	5
2CB	1	25065	5	2	0	0
2CB	1	28045	8	3	0	4
2CB	1	17006	7	2	1	4
2CB	1	-16037	6	3	0	0
2CB	1	19016	9	1	0	0
2CB	1	26014	6	2	0	6
2CB	1	28036	8	2	0	2
2CB	1	27015	7	1	0	5
2CB	1	-15047	5	3	0	3
2CB	1	17068	7	2	1	5
2CB	1	19022	9	1	0	0
2CB	1	-16049	6	2	0	0
2CB	1	-15056	5	3	0	6
2CB	1	19010	9	2	0	0
2CB	1	27030	7	1	0	6
2CB	1	-16031	6	3	0	3
2CB	1	29077	9	1	0	0
2CB	1	26060	6	2	0	6
2CB	1	29075	9	1	0	0
2CB	1	18041	8	1	1	1
2CB	1	18036	8	1	0	5
2CB	1	29035	9	1	0	0
2CB	1	19026	9	1	0	0
2CB	1	27032	7	1	1	2
2CB	1	-15016	5	1	0	4
2CB	1	17020	7	1	1	6
2CB	1	19007	9	1	0	0
2CB	1	29061	9	1	0	0
2CB	1	26071	6	1	0	5
2CB	1	28064	8	1	0	6
2CB	1	18013	8	1	1	3
2CB	1	28054	8	2	0	4
2CB	1	-15021	5	1	0	1
2CB	1	27052	7	2	0	5
2CB	1	-15039	5	2	1	3
2CB	1	-15004	5	2	0	1
2CB	1	18033	8	3	0	6
2CB	1	-15066	5	3	0	4
2CB	1	19065	9	1	0	0
2CB	1	29025	9	1	0	0
2CB	1	27069	7	2	0	2
2CB	1	-16026	6	1	0	0
2CB	1	19064	9	1	0	0
2CB	1	28019	8	2	0	5
2CB	1	19063	9	1	0	0
2CB	1	27049	7	2	0	6
2CB	1	19006	9	1	0	0
2CB	1	29005	9	1	0	0
2CB	1	-15060	5	2	0	1
2CB	1	29068	9	1	0	0
2CB	1	29030	9	2	0	0
2CB	1	26004	6	2	0	1
4YP	2	19088	9	1	0	0
4YP	2	28031	8	1	1	2
4YP	2	29073	9	2	0	0
4YP	2	27042	7	1	0	4
4YP	2	27062	7	1	0	1
4YP	2	27038	7	1	1	6
4YP	2	25068	5	3	0	4
4YP	2	29065	9	1	0	0
4YP	2	18010	8	1	1	2
4YP	2	17043	7	3	1	6
4YP	2	-15049	5	1	0	3
4YP	2	25026	5	3	0	1
4YP	2	-16004	6	2	0	2
4YP	2	29002	9	1	0	0
4YP	2	25053	5	1	1	2
4YP	2	26017	6	1	0	6
4YP	2	17008	7	1	0	2
4YP	2	-15035	5	1	1	3
4YP	2	28070	8	3	0	4
4YP	2	25003	5	3	0	2
4YP	2	28059	8	1	1	5
4YP	2	18047	8	1	1	4
4YP	2	17031	7	1	0	2
4YP	2	29070	9	1	0	0
4YP	2	26013	6	1	0	1
4YP	2	-16002	6	3	1	6
4YP	2	19060	9	2	0	0
4YP	2	19051	9	1	0	0
4YP	2	25034	5	1	0	2
4YP	2	27057	7	3	0	3
4YP	2	19083	9	1	0	0
4YP	2	29033	9	1	0	0
4YP	2	-16052	6	1	1	6
4YP	2	17039	7	1	1	5
4YP	2	-15046	5	1	0	3
4YP	2	19002	9	3	0	0
4YP	2	28035	8	1	0	4
4YP	2	18006	8	2	0	1
4YP	2	19082	9	2	0	0
4YP	2	26049	6	2	0	3
4YP	2	29062	9	3	0	0
4YP	2	-16038	6	3	1	5
4YP	2	-16019	6	3	0	2
4YP	2	19028	9	3	0	0
4YP	2	29074	9	3	0	0
4YP	2	27047	7	3	0	4
4YP	2	19061	9	2	0	0
4YP	2	19005	9	1	0	0
4YP	2	18065	8	1	1	1
4YP	2	-16056	6	3	0	2
4YP	2	29045	9	2	0	0
4YP	2	-15053	5	1	1	5
4YP	2	29058	9	1	0	0
4YP	2	18070	8	1	1	4
4YP	2	19041	9	1	0	0
4YP	2	-16064	6	3	1	5
4YP	2	29049	9	1	0	0
4YP	2	27040	7	1	1	4
4YP	2	-15017	5	3	0	4
4YP	2	26044	6	3	0	2
4YP	2	-15025	5	2	0	3
4YP	2	-15013	5	3	1	5
4YP	2	19014	9	1	0	0
4YP	2	29039	9	1	0	0
4YP	2	25028	5	3	0	1
4YP	2	25055	5	3	1	5
4YP	2	19007	9	1	0	0
4YP	2	19084	9	1	0	0
4YP	2	29036	9	3	0	0
4YP	2	-16071	6	1	0	5
4YP	2	27064	7	1	0	2
4YP	2	26066	6	3	0	4
4YP	2	28021	8	2	0	4
4YP	2	28016	8	3	0	3
4YP	2	18060	8	1	0	4
4YP	2	17011	7	2	1	2
4YP	2	25045	5	3	1	2
4YP	2	-16034	6	3	0	6
4YP	2	18027	8	1	0	5
4YP	2	17022	7	1	0	2
4YP	2	29076	9	1	0	0
4YP	2	28012	8	1	0	6
4YP	2	26009	6	2	1	3
4YP	2	29021	9	2	0	0
4YP	2	27008	7	3	0	2
4YP	2	28051	8	2	0	6
4YP	2	17024	7	1	1	6
4YP	2	-16030	6	2	0	1
4YP	2	29082	9	1	0	0
4YP	2	-15015	5	1	0	1
4YP	2	29043	9	2	0	0
4YP	2	19053	9	2	0	0
4YP	2	26024	6	3	0	2
4YP	2	17042	7	1	1	4
4YP	2	19025	9	1	0	0
4YP	2	26030	6	3	1	1
4YP	2	28019	8	2	0	5
4YP	2	27005	7	2	0	3
4YP	2	29064	9	1	0	0
4YP	2	19052	9	1	0	0
4YP	2	28072	8	2	0	2
4YP	2	25001	5	1	0	1
4YP	2	17061	7	2	1	3
4YP	2	19029	9	1	0	0
4YP	2	29035	9	1	0	0
4YP	2	18057	8	1	0	2
4YP	2	-15067	5	3	1	6
4YP	2	19023	9	1	0	0
5SP	3	19037	9	3	0	0
5SP	3	-15036	5	3	1	6
5SP	3	18014	8	1	1	4
5SP	3	29054	9	1	0	0
5SP	3	17070	7	3	1	3
5SP	3	18071	8	2	0	1
5SP	3	17052	7	3	1	3
5SP	3	-16056	6	3	0	3
5SP	3	28014	8	3	0	2
5SP	3	17046	7	1	0	3
5SP	3	29006	9	2	0	0
5SP	3	28061	8	2	0	3
5SP	3	27005	7	2	0	3
5SP	3	29025	9	2	0	0
5SP	3	29053	9	1	0	0
5SP	3	28042	8	3	0	2
5SP	3	17040	7	3	1	2
5SP	3	26018	6	3	0	4
5SP	3	19010	9	2	0	0
5SP	3	29064	9	1	0	0
5SP	3	-15001	5	3	1	4
5SP	3	-16037	6	3	0	3
5SP	3	19081	9	1	0	0
5SP	3	-15061	5	1	0	1
5SP	3	17010	7	3	0	3
5SP	3	19031	9	2	0	0
5SP	3	-16026	6	3	1	3
5SP	3	-15033	5	3	1	3
5SP	3	25032	5	3	1	1
5SP	3	26020	6	3	1	4
5SP	3	19035	9	2	0	0
5SP	3	17007	7	1	0	3
5SP	3	-15011	5	1	0	3
5SP	3	29042	9	2	0	0
5SP	3	19042	9	2	0	0
5SP	3	29001	9	2	0	0
5SP	3	-16066	6	2	1	3
5SP	3	25010	5	2	0	3
5SP	3	29024	9	2	0	0
5SP	3	17024	7	3	1	5
5SP	3	18068	8	1	1	3
5SP	3	-16047	6	2	1	3
5SP	3	-16059	6	3	0	3
5SP	3	29037	9	1	0	0
5SP	3	28007	8	2	1	3
5SP	3	26056	6	3	1	5
5SP	3	19069	9	2	0	0
5SP	3	19047	9	1	0	0
5SP	3	18030	8	2	1	3
5SP	3	25025	5	3	0	3
5SP	3	25068	5	3	1	3
5SP	3	19063	9	1	0	0
5SP	3	28003	8	1	0	4
5SP	3	27023	7	2	0	4
5SP	3	29057	9	1	0	0
5SP	3	26035	6	1	1	2
5SP	3	26037	6	3	1	3
5SP	3	29019	9	1	0	0
5SP	3	27012	7	1	0	2
5SP	3	28057	8	1	1	5
5SP	3	28001	8	2	1	3
5SP	3	17015	7	3	1	2
5SP	3	-16041	6	3	1	2
5SP	3	19059	9	1	0	0
5SP	3	19006	9	1	0	0
5SP	3	25064	5	3	1	4
5SP	3	29013	9	1	0	0
5SP	3	19060	9	1	0	0
5SP	3	-16018	6	3	0	1
5SP	3	25043	5	1	0	5
5SP	3	-15063	5	3	0	4
5SP	3	27034	7	1	0	2
5SP	3	-16021	6	3	0	1
5SP	3	29032	9	2	0	0
5SP	3	28016	8	2	1	4
5SP	3	28052	8	2	1	3
5SP	3	19078	9	2	0	0
5SP	3	29066	9	1	0	0
5SP	3	18020	8	3	1	2
5SP	3	25066	5	3	1	3
5SP	3	19041	9	3	0	0
5SP	3	27047	7	1	1	6
5SP	3	29082	9	1	0	0
5SP	3	26059	6	1	0	4
5SP	3	28070	8	1	0	4
5SP	3	19055	9	1	0	0
5SP	3	-15006	5	3	0	1
5SP	3	29085	9	1	0	0
5SP	3	26040	6	1	0	3
5SP	3	27028	7	1	1	6
5SP	3	25054	5	1	1	4
5SP	3	29061	9	1	0	0
5SP	3	18050	8	2	1	2
5SP	3	18031	8	2	0	3
5SP	3	25045	5	3	0	3
5SP	3	-15057	5	2	1	4
5SP	3	19052	9	2	0	0
5SP	3	18003	8	2	1	6
5SP	3	25049	5	3	0	0
5SP	3	29031	9	1	0	0
5SP	3	19067	9	2	0	0
5SP	3	19071	9	2	0	0
5SP	3	17043	7	2	0	3
5SP	3	26021	6	2	1	1
5SP	3	17054	7	2	0	4
5SP	3	27030	7	1	0	2
5SP	3	-16027	6	1	1	3
5SP	3	27072	7	1	1	2
6CB	4	19040	9	1	0	0
6CB	4	29039	9	1	0	0
6CB	4	27005	7	3	0	1
6CB	4	26034	6	3	0	6
6CB	4	-15053	5	3	1	5
6CB	4	28002	8	1	0	5
6CB	4	25048	5	3	0	6
6CB	4	28053	8	1	0	5
6CB	4	27036	7	1	0	5
6CB	4	19009	9	3	0	0
6CB	4	25016	5	3	1	2
6CB	4	19050	9	1	0	0
6CB	4	-16041	6	1	1	6
6CB	4	28010	8	2	0	4
6CB	4	27062	7	3	0	6
6CB	4	-15046	5	3	0	5
6CB	4	-16043	6	3	0	4
6CB	4	29069	9	1	0	0
6CB	4	-16013	6	3	0	6
6CB	4	25072	5	3	0	6
6CB	4	17050	7	2	0	6
6CB	4	29051	9	1	0	0
6CB	4	29035	9	1	0	0
6CB	4	29008	9	1	0	0
6CB	4	-16028	6	2	1	6
6CB	4	17011	7	2	0	3
6CB	4	25026	5	3	0	3
6CB	4	-16052	6	3	0	4
6CB	4	19020	9	1	0	0
6CB	4	29043	9	1	0	0
6CB	4	18034	8	2	1	6
6CB	4	18018	8	1	1	3
6CB	4	28023	8	3	0	6
6CB	4	27041	7	1	0	6
6CB	4	-15010	5	3	1	4
6CB	4	26029	6	3	0	5
6CB	4	29028	9	1	0	0
6CB	4	25059	5	3	0	2
6CB	4	25056	5	1	0	5
6CB	4	28045	8	3	0	5
6CB	4	29021	9	1	0	0
6CB	4	-16038	6	2	0	6
6CB	4	17005	7	3	1	4
6CB	4	18066	8	3	1	5
6CB	4	19036	9	1	0	0
6CB	4	19004	9	2	0	0
6CB	4	29011	9	1	0	0
6CB	4	28039	8	3	1	5
6CB	4	19067	9	2	0	0
6CB	4	17002	7	1	0	5
6CB	4	26065	6	1	0	4
6CB	4	17031	7	1	0	6
6CB	4	29083	9	2	0	0
6CB	4	29084	9	1	0	0
6CB	4	29070	9	3	0	0
6CB	4	-15035	5	3	1	6
6CB	4	-15008	5	1	1	6
6CB	4	29076	9	1	0	0
6CB	4	19010	9	1	0	0
6CB	4	25037	5	1	0	4
6CB	4	26058	6	2	1	6
6CB	4	25069	5	3	1	4
6CB	4	-16022	6	1	0	4
6CB	4	19049	9	3	0	0
6CB	4	17071	7	2	0	6
6CB	4	-15048	5	2	0	5
6CB	4	19041	9	2	0	0
6CB	4	29078	9	3	0	0
6CB	4	25028	5	3	1	6
6CB	4	27008	7	2	1	6
6CB	4	19068	9	1	0	0
6CB	4	17023	7	1	0	6
6CB	4	28051	8	2	1	2
6CB	4	17067	7	1	1	3
6CB	4	29072	9	1	0	0
6CB	4	28050	8	3	0	3
6CB	4	18059	8	2	0	3
6CB	4	28064	8	1	0	6
6CB	4	18058	8	2	0	4
6CB	4	19075	9	1	0	0
6CB	4	25014	5	2	0	5
6CB	4	17020	7	2	1	3
6CB	4	19047	9	1	0	0
6CB	4	18070	8	1	0	5
6CB	4	27044	7	2	0	6
6CB	4	19030	9	1	0	0
6CB	4	-16039	6	3	0	5
6CB	4	19074	9	1	0	0
6CB	4	18030	8	2	0	6
6CB	4	17016	7	2	1	3
6CB	4	29022	9	2	0	0
6CB	4	26017	6	3	0	5
6CB	4	28031	8	3	0	4
6CB	4	19071	9	1	0	0
6CB	4	19016	9	1	0	0
6CB	4	-16062	6	2	1	6
6CB	4	-15056	5	1	0	4
6CB	4	28019	8	2	0	6
6CB	4	-15004	5	3	0	6
6CB	4	29061	9	1	0	0
6CB	4	27067	7	1	0	5
6CB	4	27004	7	1	0	5
6CB	4	26012	6	2	0	4
6CB	4	-16026	6	3	1	2
6CB	4	19079	9	1	0	0
6CB	4	-16064	6	2	0	5
6CB	4	29007	9	1	0	0
6CB	4	26022	6	3	1	5
7AG	5	29087	9	1	0	0
7AG	5	29009	9	1	0	0
7AG	5	26022	6	3	0	3
7AG	5	28063	8	1	1	6
7AG	5	26012	6	2	0	5
7AG	5	17055	7	2	0	4
7AG	5	29035	9	1	0	0
7AG	5	-16038	6	3	0	3
7AG	5	29050	9	1	0	0
7AG	5	19068	9	1	0	0
7AG	5	19042	9	2	0	0
7AG	5	27069	7	1	0	6
7AG	5	25038	5	2	1	2
7AG	5	-15027	5	2	1	4
7AG	5	-16030	6	3	1	6
7AG	5	29017	9	1	0	0
7AG	5	28002	8	1	1	5
7AG	5	-16070	6	3	1	4
7AG	5	-16068	6	3	0	4
7AG	5	17002	7	1	1	3
7AG	5	18063	8	2	0	6
7AG	5	25058	5	3	0	3
7AG	5	-16054	6	3	0	6
7AG	5	29020	9	1	0	0
7AG	5	17066	7	2	0	4
7AG	5	27052	7	2	1	5
7AG	5	19034	9	1	0	0
7AG	5	25054	5	3	0	6
7AG	5	28031	8	2	0	5
7AG	5	18013	8	2	0	5
7AG	5	19025	9	1	0	0
7AG	5	29081	9	1	0	0
7AG	5	19045	9	1	0	0
7AG	5	17010	7	1	0	4
7AG	5	19055	9	1	0	0
7AG	5	18039	8	3	0	3
7AG	5	27027	7	2	1	5
7AG	5	-15018	5	3	0	2
7AG	5	29032	9	2	0	0
7AG	5	29031	9	1	0	0
7AG	5	25029	5	3	0	3
7AG	5	-15035	5	3	0	4
7AG	5	25056	5	3	0	3
7AG	5	17042	7	2	0	4
7AG	5	26060	6	3	1	6
7AG	5	-15022	5	3	0	4
7AG	5	26023	6	3	1	5
7AG	5	18058	8	2	0	6
7AG	5	18049	8	2	0	4
7AG	5	18072	8	1	0	6
7AG	5	27066	7	2	0	6
7AG	5	19043	9	1	0	0
7AG	5	29057	9	2	0	0
7AG	5	29004	9	1	0	0
7AG	5	19017	9	1	0	0
7AG	5	28020	8	3	0	5
7AG	5	-16048	6	3	0	4
7AG	5	26016	6	3	1	6
7AG	5	-16004	6	2	0	3
7AG	5	27044	7	2	1	6
7AG	5	28026	8	1	1	4
7AG	5	28067	8	2	0	4
7AG	5	29015	9	1	0	0
7AG	5	19048	9	1	0	0
7AG	5	29024	9	1	0	0
7AG	5	29068	9	1	0	0
7AG	5	28071	8	1	0	3
7AG	5	19012	9	1	0	0
7AG	5	29014	9	1	0	0
7AG	5	19047	9	1	0	0
7AG	5	19051	9	1	0	0
7AG	5	-15034	5	2	1	4
7AG	5	29078	9	1	0	0
7AG	5	27062	7	1	0	4
7AG	5	27004	7	2	0	3
7AG	5	17006	7	2	0	5
7AG	5	19036	9	1	0	0
7AG	5	29037	9	1	0	0
7AG	5	-15015	5	3	0	3
7AG	5	17011	7	2	0	5
7AG	5	19075	9	1	0	0
7AG	5	28033	8	1	0	3
7AG	5	-16032	6	3	1	6
7AG	5	26040	6	3	1	4
7AG	5	18019	8	3	1	3
7AG	5	-15025	5	3	1	3
7AG	5	25017	5	2	0	2
7AG	5	28036	8	2	1	5
7AG	5	-16007	6	3	0	4
7AG	5	25047	5	2	1	4
7AG	5	-15046	5	3	0	3
7AG	5	25046	5	2	1	4
7AG	5	28050	8	2	1	3
7AG	5	-15023	5	3	1	6
7AG	5	27014	7	2	0	6
7AG	5	17052	7	2	0	3
7AG	5	-16061	6	3	1	6
7AG	5	29044	9	1	0	0
7AG	5	26008	6	2	0	5
7AG	5	28009	8	2	0	4
7AG	5	19059	9	1	0	0
7AG	5	-16059	6	3	0	6
7AG	5	19086	9	1	0	0
7AG	5	27006	7	1	1	5
7AG	5	19002	9	1	0	0
7AG	5	-15043	5	2	1	5
7AG	5	19088	9	1	0	0
7AG	5	27041	7	1	0	3
8AS	6	19053	9	1	0	0
8AS	6	27021	7	1	0	2
8AS	6	27010	7	2	0	3
8AS	6	26058	6	1	1	3
8AS	6	29017	9	1	0	0
8AS	6	17064	7	1	1	5
8AS	6	-15011	5	3	0	3
8AS	6	19085	9	1	0	0
8AS	6	-15070	5	3	0	2
8AS	6	19038	9	1	0	0
8AS	6	17036	7	2	1	2
8AS	6	18029	8	3	1	2
8AS	6	25020	5	3	1	2
8AS	6	18040	8	2	0	3
8AS	6	28023	8	1	1	6
8AS	6	26012	6	3	1	2
8AS	6	28060	8	3	0	3
8AS	6	17025	7	2	1	4
8AS	6	19043	9	1	0	0
8AS	6	29061	9	1	0	0
8AS	6	27062	7	2	1	4
8AS	6	-16028	6	3	1	2
8AS	6	17013	7	2	0	1
8AS	6	19048	9	1	0	0
8AS	6	29036	9	1	0	0
8AS	6	-15008	5	3	0	3
8AS	6	25001	5	3	1	2
8AS	6	27054	7	1	1	2
8AS	6	19086	9	1	0	0
8AS	6	-15017	5	3	0	3
8AS	6	19075	9	1	0	0
8AS	6	-15054	5	3	1	4
8AS	6	29065	9	1	0	0
8AS	6	27031	7	2	0	2
8AS	6	28055	8	3	1	6
8AS	6	26015	6	3	1	6
8AS	6	-16003	6	3	1	4
8AS	6	29032	9	1	0	0
8AS	6	29001	9	1	0	0
8AS	6	-16052	6	3	1	2
8AS	6	25028	5	3	1	2
8AS	6	26043	6	3	1	5
8AS	6	19001	9	1	0	0
8AS	6	25025	5	1	1	6
8AS	6	26033	6	1	1	5
8AS	6	29070	9	1	0	0
8AS	6	18056	8	2	1	6
8AS	6	19078	9	1	0	0
8AS	6	19065	9	1	0	0
8AS	6	-16033	6	3	1	2
8AS	6	29012	9	1	0	0
8AS	6	18049	8	2	1	3
8AS	6	18041	8	3	0	5
8AS	6	18015	8	2	1	2
8AS	6	29018	9	2	0	0
8AS	6	18001	8	3	1	3
8AS	6	28006	8	2	1	3
8AS	6	25035	5	3	1	6
8AS	6	17009	7	2	0	3
8AS	6	27037	7	2	1	2
8AS	6	25049	5	3	1	2
8AS	6	29022	9	1	0	0
8AS	6	19034	9	1	0	0
8AS	6	28063	8	2	0	2
8AS	6	19054	9	1	0	0
8AS	6	-16024	6	2	0	3
8AS	6	28072	8	1	1	2
8AS	6	17059	7	2	1	3
8AS	6	29048	9	1	0	0
8AS	6	28007	8	2	1	4
8AS	6	17067	7	2	1	6
8AS	6	17006	7	2	1	2
8AS	6	27068	7	1	0	3
8AS	6	-16020	6	3	0	1
8AS	6	-16043	6	2	1	4
8AS	6	28040	8	2	1	2
8AS	6	-15061	5	3	1	5
8AS	6	19019	9	1	0	0
8AS	6	26018	6	3	1	5
8AS	6	-15046	5	3	1	3
8AS	6	29058	9	1	0	0
8AS	6	25014	5	3	1	2
8AS	6	25047	5	1	1	2
8AS	6	-15021	5	2	1	3
8AS	6	25051	5	3	1	4
8AS	6	19023	9	2	0	0
8AS	6	-16032	6	3	1	2
8AS	6	28066	8	3	1	6
8AS	6	17038	7	2	1	2
8AS	6	-16065	6	3	1	3
8AS	6	18058	8	2	1	6
8AS	6	19051	9	1	0	0
8AS	6	29040	9	1	0	0
8AS	6	29010	9	1	0	0
8AS	6	-16072	6	1	1	3
8AS	6	27004	7	2	1	6
8AS	6	29002	9	1	0	0
8AS	6	19005	9	1	0	0
8AS	6	19024	9	1	0	0
8AS	6	26046	6	3	1	6
8AS	6	19025	9	1	0	0
8AS	6	28069	8	2	1	6
8AS	6	17047	7	2	1	6
8AS	6	29087	9	1	0	0
8AS	6	26029	6	3	1	4
8AS	6	25041	5	1	1	2
8AS	6	29090	9	1	0	0
8AS	6	29057	9	1	0	0
12MO	7	29045	9	1	0	0
12MO	7	29078	9	2	0	0
12MO	7	19086	9	1	0	0
12MO	7	17023	7	1	1	1
12MO	7	27041	7	2	0	2
12MO	7	19074	9	2	0	0
12MO	7	27048	7	1	0	4
12MO	7	17059	7	2	0	3
12MO	7	26037	6	1	0	3
12MO	7	28052	8	2	1	2
12MO	7	17056	7	2	0	4
12MO	7	27022	7	1	0	2
12MO	7	-15016	5	2	0	3
12MO	7	26007	6	2	0	5
12MO	7	19014	9	1	0	0
12MO	7	17049	7	2	0	5
12MO	7	28028	8	2	0	6
12MO	7	29018	9	2	0	0
12MO	7	-15009	5	3	0	2
12MO	7	25064	5	1	0	5
12MO	7	-15063	5	2	0	3
12MO	7	29075	9	2	0	0
12MO	7	18047	8	2	0	1
12MO	7	18008	8	2	0	4
12MO	7	29023	9	3	0	0
12MO	7	29044	9	1	0	0
12MO	7	-16005	6	3	0	4
12MO	7	27069	7	2	0	2
12MO	7	26001	6	3	1	1
12MO	7	29014	9	1	0	0
12MO	7	25026	5	3	1	5
12MO	7	28009	8	1	0	1
12MO	7	26016	6	3	1	6
12MO	7	-15002	5	3	0	5
12MO	7	25056	5	2	1	6
12MO	7	19055	9	1	0	0
12MO	7	19039	9	1	0	0
12MO	7	-15014	5	2	0	4
12MO	7	26032	6	2	0	4
12MO	7	19088	9	2	0	0
12MO	7	19052	9	1	0	0
12MO	7	26013	6	1	0	4
12MO	7	-15027	5	3	0	4
12MO	7	27053	7	1	1	2
12MO	7	18042	8	2	0	3
12MO	7	19006	9	1	0	0
12MO	7	18035	8	2	1	5
12MO	7	18030	8	2	0	4
12MO	7	19044	9	1	0	0
12MO	7	18022	8	2	0	2
12MO	7	19046	9	3	0	0
12MO	7	26068	6	2	1	1
12MO	7	29071	9	2	0	0
12MO	7	26036	6	3	0	5
12MO	7	29060	9	1	0	0
12MO	7	19026	9	1	0	0
12MO	7	18018	8	2	0	3
12MO	7	25044	5	2	0	5
12MO	7	29072	9	1	0	0
12MO	7	19035	9	1	0	0
12MO	7	-15019	5	3	0	6
12MO	7	27024	7	2	1	5
12MO	7	-16034	6	3	0	2
12MO	7	26012	6	3	0	5
12MO	7	25020	5	1	0	6
12MO	7	28034	8	1	1	4
12MO	7	28003	8	1	0	5
12MO	7	29084	9	1	0	0
12MO	7	25005	5	2	0	2
12MO	7	-15066	5	3	0	3
12MO	7	27039	7	2	0	2
12MO	7	28045	8	3	0	5
12MO	7	17054	7	2	0	3
12MO	7	-16040	6	3	0	4
12MO	7	18043	8	1	0	4
12MO	7	-16004	6	3	0	3
12MO	7	-15032	5	2	1	2
12MO	7	19036	9	1	0	0
12MO	7	18046	8	1	1	3
12MO	7	18068	8	1	0	1
12MO	7	-16072	6	3	0	1
12MO	7	29041	9	1	0	0
12MO	7	-15038	5	3	0	0
12MO	7	29012	9	2	0	0
12MO	7	17012	7	2	0	5
12MO	7	-16061	6	3	0	2
12MO	7	29001	9	2	0	0
12MO	7	19008	9	1	0	0
12MO	7	27049	7	2	0	3
12MO	7	29005	9	2	0	0
12MO	7	19058	9	2	0	0
12MO	7	19089	9	1	0	0
12MO	7	28018	8	2	0	4
12MO	7	19084	9	1	0	0
12MO	7	27061	7	3	0	2
12MO	7	25059	5	1	0	3
12MO	7	26057	6	2	0	2
12MO	7	28029	8	3	1	6
12MO	7	29008	9	2	0	0
12MO	7	27072	7	2	1	2
12MO	7	19061	9	1	0	0
12MO	7	-16052	6	3	1	6
12MO	7	27065	7	3	0	4
12MO	7	17025	7	2	0	4
12MO	7	-16070	6	3	0	4
12MO	7	29067	9	1	0	0
12MO	7	-15057	5	3	1	3
12MO	7	29039	9	1	0	0
13SS	8	19039	9	1	0	0
13SS	8	17047	7	2	1	6
13SS	8	29011	9	1	0	0
13SS	8	29071	9	1	0	0
13SS	8	-16046	6	3	1	2
13SS	8	19081	9	1	0	0
13SS	8	25008	5	2	1	3
13SS	8	18003	8	3	0	3
13SS	8	17067	7	2	1	4
13SS	8	29053	9	2	0	0
13SS	8	-16057	6	3	1	3
13SS	8	28015	8	1	1	4
13SS	8	-16024	6	3	1	6
13SS	8	27050	7	2	1	6
13SS	8	26053	6	2	0	5
13SS	8	26009	6	3	1	4
13SS	8	19060	9	1	0	0
13SS	8	17059	7	3	1	3
13SS	8	-16051	6	2	1	3
13SS	8	26046	6	2	1	4
13SS	8	19020	9	1	0	0
13SS	8	18049	8	1	1	5
13SS	8	25059	5	2	1	4
13SS	8	19026	9	1	0	0
13SS	8	25070	5	2	1	5
13SS	8	18030	8	2	0	4
13SS	8	29008	9	1	0	0
13SS	8	29021	9	1	0	0
13SS	8	19019	9	1	0	0
13SS	8	-16064	6	3	1	6
13SS	8	17012	7	2	1	6
13SS	8	18055	8	2	0	4
13SS	8	18010	8	2	0	5
13SS	8	-15020	5	3	1	6
13SS	8	19051	9	1	0	0
13SS	8	26068	6	3	1	3
13SS	8	29061	9	1	0	0
13SS	8	-15034	5	2	1	6
13SS	8	25064	5	3	1	6
13SS	8	17014	7	2	1	6
13SS	8	28002	8	2	0	4
13SS	8	28071	8	1	1	6
13SS	8	25043	5	2	0	2
13SS	8	19008	9	1	0	0
13SS	8	27036	7	2	1	6
13SS	8	17006	7	2	1	6
13SS	8	18042	8	3	1	4
13SS	8	17062	7	2	1	5
13SS	8	29036	9	1	0	0
13SS	8	-15026	5	3	1	6
13SS	8	19072	9	1	0	0
13SS	8	25024	5	3	0	5
13SS	8	29048	9	1	0	0
13SS	8	19031	9	2	0	0
13SS	8	29069	9	1	0	0
13SS	8	-15027	5	2	1	5
13SS	8	28003	8	2	0	5
13SS	8	29067	9	1	0	0
13SS	8	25013	5	3	1	6
13SS	8	29042	9	1	0	0
13SS	8	26042	6	3	1	6
13SS	8	28033	8	2	1	5
13SS	8	29029	9	1	0	0
13SS	8	-15066	5	3	0	5
13SS	8	27057	7	2	0	5
13SS	8	28037	8	3	1	6
13SS	8	-16022	6	2	1	3
13SS	8	29060	9	1	0	0
13SS	8	29010	9	1	0	0
13SS	8	28030	8	3	1	6
13SS	8	19036	9	1	0	0
13SS	8	19007	9	1	0	0
13SS	8	28025	8	1	1	4
13SS	8	27027	7	2	0	4
13SS	8	27047	7	2	1	5
13SS	8	-16032	6	3	1	6
13SS	8	19079	9	1	0	0
13SS	8	19053	9	1	0	0
13SS	8	27006	7	3	1	5
13SS	8	26017	6	3	1	6
13SS	8	26011	6	2	1	5
13SS	8	19080	9	1	0	0
13SS	8	-15001	5	3	1	5
13SS	8	28032	8	0	0	3
13SS	8	27056	7	3	1	3
13SS	8	29012	9	1	0	0
13SS	8	29028	9	1	0	0
13SS	8	25040	5	2	1	6
13SS	8	27051	7	2	1	6
13SS	8	18015	8	2	0	4
13SS	8	-16069	6	1	0	4
13SS	8	29088	9	1	0	0
13SS	8	-16018	6	2	0	3
13SS	8	19088	9	1	0	0
13SS	8	-15007	5	1	1	6
13SS	8	-16071	6	2	1	5
13SS	8	17037	7	2	1	3
13SS	8	25065	5	3	0	3
13SS	8	18053	8	2	1	3
13SS	8	19001	9	1	0	0
13SS	8	27019	7	2	1	6
13SS	8	29049	9	1	0	0
13SS	8	28022	8	3	1	6
13SS	8	-15043	5	1	0	2
13SS	8	17035	7	2	1	5
13SS	8	19006	9	1	0	0
13SS	8	-15040	5	3	1	6
13SS	8	26061	6	3	0	5
14KG	9	19086	9	1	0	0
14KG	9	18002	8	2	1	2
14KG	9	27035	7	2	0	4
14KG	9	17036	7	1	0	3
14KG	9	-16054	6	1	1	3
14KG	9	18045	8	2	0	5
14KG	9	29055	9	1	0	0
14KG	9	17003	7	1	1	3
14KG	9	-15057	5	1	0	5
14KG	9	19087	9	2	0	0
14KG	9	19082	9	1	0	0
14KG	9	-15066	5	3	1	3
14KG	9	17049	7	1	0	3
14KG	9	-15060	5	3	0	2
14KG	9	26034	6	2	0	4
14KG	9	29049	9	1	0	0
14KG	9	17026	7	2	1	6
14KG	9	26044	6	3	1	6
14KG	9	19067	9	1	0	0
14KG	9	18021	8	2	0	4
14KG	9	28014	8	1	0	4
14KG	9	26037	6	3	1	6
14KG	9	19032	9	1	0	0
14KG	9	-15072	5	3	0	3
14KG	9	25019	5	3	0	5
14KG	9	29088	9	1	0	0
14KG	9	27030	7	3	1	4
14KG	9	18006	8	2	0	5
14KG	9	18043	8	1	1	2
14KG	9	29013	9	1	0	0
14KG	9	-16028	6	3	0	5
14KG	9	25002	5	3	1	3
14KG	9	29066	9	1	0	0
14KG	9	27023	7	3	1	3
14KG	9	19053	9	1	0	0
14KG	9	17067	7	1	1	6
14KG	9	19074	9	1	0	0
14KG	9	19027	9	1	0	0
14KG	9	18051	8	3	1	3
14KG	9	26021	6	2	0	5
14KG	9	-16047	6	3	1	3
14KG	9	28048	8	2	1	6
14KG	9	28007	8	1	0	4
14KG	9	-16041	6	3	0	4
14KG	9	19041	9	1	0	0
14KG	9	-15061	5	3	1	5
14KG	9	19068	9	1	0	0
14KG	9	29072	9	1	0	0
14KG	9	19090	9	1	0	0
14KG	9	27057	7	2	0	4
14KG	9	25017	5	3	1	4
14KG	9	-16038	6	3	1	5
14KG	9	25050	5	3	1	4
14KG	9	29004	9	1	0	0
14KG	9	29077	9	1	0	0
14KG	9	29024	9	1	0	0
14KG	9	19055	9	1	0	0
14KG	9	29007	9	1	0	0
14KG	9	26062	6	1	0	4
14KG	9	-15011	5	3	1	2
14KG	9	27006	7	2	1	4
14KG	9	29023	9	1	0	0
14KG	9	19073	9	1	0	0
14KG	9	28059	8	1	1	3
14KG	9	26067	6	1	1	2
14KG	9	18033	8	3	0	2
14KG	9	19008	9	1	0	0
14KG	9	29069	9	1	0	0
14KG	9	25039	5	3	1	4
14KG	9	29052	9	1	0	0
14KG	9	17014	7	3	0	3
14KG	9	-15063	5	3	0	5
14KG	9	18024	8	1	1	4
14KG	9	26071	6	1	1	3
14KG	9	-15032	5	1	1	6
14KG	9	27063	7	2	1	4
14KG	9	25052	5	1	0	5
14KG	9	19031	9	2	0	0
14KG	9	19022	9	1	0	0
14KG	9	26025	6	3	1	6
14KG	9	27028	7	2	0	3
14KG	9	29071	9	1	0	0
14KG	9	18015	8	2	0	4
14KG	9	29089	9	2	0	0
14KG	9	-15018	5	3	0	4
14KG	9	-16009	6	3	1	6
14KG	9	18055	8	1	0	3
14KG	9	-15069	5	2	0	3
14KG	9	-15039	5	1	0	4
14KG	9	29067	9	1	0	0
14KG	9	19049	9	1	0	0
14KG	9	29009	9	1	0	0
14KG	9	26065	6	3	0	5
14KG	9	27055	7	3	1	4
14KG	9	27012	7	3	1	5
14KG	9	26009	6	2	1	4
14KG	9	29031	9	2	0	0
14KG	9	26042	6	1	0	5
14KG	9	19029	9	1	0	0
14KG	9	26053	6	1	0	6
14KG	9	28045	8	2	1	6
14KG	9	18019	8	1	1	3
14KG	9	18030	8	2	0	4
14KG	9	27004	7	1	1	6
14KG	9	25016	5	2	0	2
14KG	9	27031	7	1	1	4
14KG	9	17007	7	2	1	3
14KG	9	28069	8	1	0	5
15RK	10	19027	9	1	0	0
15RK	10	19063	9	1	0	0
15RK	10	17026	7	2	1	5
15RK	10	29065	9	1	0	0
15RK	10	29077	9	1	0	0
15RK	10	29039	9	1	0	0
15RK	10	-16038	6	1	1	2
15RK	10	18048	8	1	0	2
15RK	10	29023	9	1	0	0
15RK	10	17032	7	1	1	2
15RK	10	26043	6	1	1	5
15RK	10	18053	8	2	0	3
15RK	10	-16062	6	1	0	3
15RK	10	25011	5	2	1	4
15RK	10	27004	7	1	1	3
15RK	10	26054	6	1	1	4
15RK	10	27017	7	2	0	3
15RK	10	29016	9	1	0	0
15RK	10	17043	7	2	0	3
15RK	10	27016	7	1	0	4
15RK	10	19086	9	1	0	0
15RK	10	28019	8	2	1	2
15RK	10	29074	9	2	0	0
15RK	10	29049	9	1	0	0
15RK	10	25059	5	2	0	3
15RK	10	25021	5	3	1	3
15RK	10	19079	9	1	0	0
15RK	10	25067	5	1	0	2
15RK	10	-15064	5	2	0	2
15RK	10	25033	5	3	0	3
15RK	10	28030	8	2	0	3
15RK	10	19006	9	1	0	0
15RK	10	29064	9	1	0	0
15RK	10	18029	8	3	1	3
15RK	10	28039	8	2	0	2
15RK	10	28046	8	1	0	3
15RK	10	-16002	6	2	0	3
15RK	10	29030	9	1	0	0
15RK	10	19012	9	1	0	0
15RK	10	29050	9	1	0	0
15RK	10	25041	5	2	0	2
15RK	10	19035	9	1	0	0
15RK	10	-15035	5	3	0	2
15RK	10	-16010	6	3	1	2
15RK	10	-16042	6	3	1	3
15RK	10	28070	8	1	0	2
15RK	10	27035	7	2	0	3
15RK	10	-15023	5	3	1	3
15RK	10	29044	9	1	0	0
15RK	10	28062	8	1	0	3
15RK	10	-16022	6	2	1	4
15RK	10	17067	7	3	0	3
15RK	10	27066	7	2	1	3
15RK	10	26014	6	3	1	2
15RK	10	29037	9	1	0	0
15RK	10	27049	7	1	0	3
15RK	10	18056	8	1	1	3
15RK	10	25063	5	3	1	4
15RK	10	27006	7	1	1	4
15RK	10	17027	7	2	1	5
15RK	10	29003	9	1	0	0
15RK	10	17071	7	2	1	3
15RK	10	19078	9	1	0	0
15RK	10	-16007	6	1	0	3
15RK	10	29078	9	1	0	0
15RK	10	19013	9	1	0	0
15RK	10	-15011	5	2	0	2
15RK	10	17006	7	2	0	3
15RK	10	26031	6	2	1	3
15RK	10	29019	9	1	0	0
15RK	10	18046	8	1	0	4
15RK	10	19007	9	1	0	0
15RK	10	26038	6	1	1	3
15RK	10	26007	6	1	1	4
15RK	10	18003	8	1	0	3
15RK	10	28071	8	2	1	3
15RK	10	19042	9	1	0	0
15RK	10	-15039	5	3	0	2
15RK	10	29017	9	1	0	0
15RK	10	28058	8	2	1	3
15RK	10	28048	8	1	1	3
15RK	10	28028	8	1	1	3
15RK	10	27051	7	2	0	3
15RK	10	19017	9	1	0	0
15RK	10	26009	6	2	0	3
15RK	10	19057	9	1	0	0
15RK	10	17015	7	2	1	2
15RK	10	-16052	6	3	1	4
15RK	10	-16033	6	3	1	4
15RK	10	-15017	5	3	1	3
15RK	10	25002	5	3	1	3
15RK	10	27055	7	2	1	3
15RK	10	19004	9	1	0	0
15RK	10	28026	8	2	1	4
15RK	10	-15019	5	3	0	3
15RK	10	19082	9	1	0	0
15RK	10	29040	9	1	0	0
15RK	10	19084	9	1	0	0
15RK	10	18058	8	2	1	3
15RK	10	19009	9	1	0	0
15RK	10	-15049	5	2	1	3
15RK	10	-16070	6	3	0	3
15RK	10	-15065	5	3	0	3
15RK	10	29004	9	1	0	0
15RK	10	27024	7	2	0	4
15RK	10	-15059	5	2	1	3
15RK	10	-16013	6	3	1	3
15RK	10	19049	9	1	0	0
16PT	11	29011	9	1	0	0
16PT	11	28059	8	1	0	2
16PT	11	19028	9	2	0	0
16PT	11	-15006	5	3	1	4
16PT	11	19069	9	1	0	0
16PT	11	17050	7	2	0	4
16PT	11	-16002	6	3	0	5
16PT	11	28053	8	1	0	3
16PT	11	19051	9	1	0	0
16PT	11	19033	9	1	0	0
16PT	11	29021	9	1	0	0
16PT	11	-15048	5	3	1	6
16PT	11	27018	7	2	1	3
16PT	11	27042	7	2	0	2
16PT	11	27030	7	1	1	3
16PT	11	19088	9	2	0	0
16PT	11	19012	9	1	0	0
16PT	11	27055	7	1	1	6
16PT	11	18021	8	2	0	4
16PT	11	19042	9	1	0	0
16PT	11	-15010	5	3	1	3
16PT	11	-15068	5	3	1	3
16PT	11	29005	9	1	0	0
16PT	11	-16015	6	3	0	1
16PT	11	26011	6	3	1	3
16PT	11	28067	8	3	1	6
16PT	11	29022	9	1	0	0
16PT	11	18026	8	2	1	3
16PT	11	28051	8	2	0	4
16PT	11	26043	6	3	1	3
16PT	11	-16065	6	3	0	3
16PT	11	17043	7	2	0	5
16PT	11	18056	8	2	0	3
16PT	11	-15032	5	3	1	5
16PT	11	19079	9	1	0	0
16PT	11	26004	6	3	0	5
16PT	11	-15023	5	2	1	5
16PT	11	-15027	5	1	0	5
16PT	11	19023	9	1	0	0
16PT	11	19045	9	1	0	0
16PT	11	-15051	5	3	1	6
16PT	11	18069	8	2	0	5
16PT	11	26037	6	3	0	3
16PT	11	-16071	6	3	1	3
16PT	11	28034	8	2	0	5
16PT	11	-16041	6	3	0	6
16PT	11	29081	9	1	0	0
16PT	11	27050	7	2	0	3
16PT	11	29037	9	1	0	0
16PT	11	29026	9	1	0	0
16PT	11	19074	9	1	0	0
16PT	11	17020	7	2	1	6
16PT	11	25007	5	1	0	3
16PT	11	17039	7	3	0	5
16PT	11	29030	9	1	0	0
16PT	11	-16033	6	3	0	3
16PT	11	26064	6	3	0	5
16PT	11	19080	9	2	0	0
16PT	11	-15045	5	3	0	4
16PT	11	17029	7	3	1	4
16PT	11	29029	9	1	0	0
16PT	11	27032	7	2	1	4
16PT	11	29070	9	1	0	0
16PT	11	29087	9	2	0	0
16PT	11	19071	9	2	0	0
16PT	11	18017	8	2	0	4
16PT	11	25009	5	3	0	4
16PT	11	19056	9	1	0	0
16PT	11	27001	7	2	1	2
16PT	11	28046	8	2	0	4
16PT	11	26014	6	2	0	3
16PT	11	25057	5	2	0	4
16PT	11	19066	9	1	0	0
16PT	11	17036	7	2	1	3
16PT	11	25016	5	3	1	4
16PT	11	26026	6	3	1	4
16PT	11	18059	8	2	0	4
16PT	11	29044	9	2	0	0
16PT	11	17012	7	2	1	3
16PT	11	27039	7	3	0	5
16PT	11	29090	9	2	0	0
16PT	11	29067	9	1	0	0
16PT	11	18053	8	2	0	2
16PT	11	27005	7	2	0	5
16PT	11	25069	5	3	0	2
16PT	11	27024	7	2	0	3
16PT	11	25048	5	2	0	3
16PT	11	19070	9	1	0	0
16PT	11	28020	8	2	0	4
16PT	11	28035	8	2	1	3
16PT	11	18037	8	2	1	4
16PT	11	29042	9	1	0	0
16PT	11	29065	9	2	0	0
16PT	11	29033	9	2	0	0
16PT	11	-16058	6	2	1	4
16PT	11	26062	6	3	1	4
16PT	11	25071	5	3	0	3
16PT	11	19024	9	1	0	0
16PT	11	18062	8	2	1	3
16PT	11	29013	9	1	0	0
16PT	11	28027	8	2	0	5
16PT	11	-15064	5	2	0	3
16PT	11	-15004	5	3	1	4
16PT	11	-16008	6	3	0	5
16PT	11	-16013	6	3	1	5
16PT	11	27066	7	3	0	4
16PT	11	26021	6	3	1	5
16PT	11	19014	9	1	0	0
17JT	12	29087	9	1	0	0
17JT	12	17056	7	1	0	6
17JT	12	17028	7	1	1	6
17JT	12	28061	8	1	1	6
17JT	12	27021	7	2	1	6
17JT	12	29056	9	1	0	0
17JT	12	27041	7	1	1	3
17JT	12	19087	9	2	0	0
17JT	12	25066	5	3	0	5
17JT	12	19020	9	1	0	0
17JT	12	27027	7	2	1	3
17JT	12	19083	9	1	0	0
17JT	12	26020	6	2	1	5
17JT	12	25070	5	2	0	3
17JT	12	26010	6	3	0	6
17JT	12	-16044	6	2	0	6
17JT	12	29025	9	2	0	0
17JT	12	-15041	5	1	0	6
17JT	12	17021	7	2	0	3
17JT	12	29072	9	1	0	0
17JT	12	-15013	5	3	0	5
17JT	12	29017	9	1	0	0
17JT	12	25051	5	3	0	3
17JT	12	-16004	6	3	0	6
17JT	12	18035	8	3	0	4
17JT	12	-15045	5	3	0	6
17JT	12	25016	5	3	0	6
17JT	12	18032	8	1	0	5
17JT	12	26049	6	3	1	6
17JT	12	19039	9	1	0	0
17JT	12	19036	9	1	0	0
17JT	12	29018	9	2	0	0
17JT	12	29037	9	1	0	0
17JT	12	26068	6	2	0	3
17JT	12	-16064	6	1	0	2
17JT	12	28053	8	2	0	6
17JT	12	28043	8	1	1	6
17JT	12	19080	9	1	0	0
17JT	12	28008	8	3	1	6
17JT	12	26055	6	1	1	5
17JT	12	17030	7	2	0	5
17JT	12	17062	7	2	0	2
17JT	12	29065	9	1	0	0
17JT	12	19011	9	1	0	0
17JT	12	29084	9	1	0	0
17JT	12	27014	7	2	0	6
17JT	12	-15053	5	2	1	5
17JT	12	26071	6	1	0	3
17JT	12	29059	9	2	0	0
17JT	12	25040	5	2	1	4
17JT	12	28057	8	2	1	5
17JT	12	28030	8	2	1	6
17JT	12	19019	9	1	0	0
17JT	12	18016	8	2	0	6
17JT	12	29013	9	1	0	0
17JT	12	27024	7	1	0	6
17JT	12	18006	8	2	1	6
17JT	12	19058	9	1	0	0
17JT	12	-16048	6	2	0	4
17JT	12	-15037	5	1	0	4
17JT	12	17057	7	1	0	6
17JT	12	-16066	6	3	0	6
17JT	12	25031	5	2	0	6
17JT	12	29011	9	1	0	0
17JT	12	19069	9	1	0	0
17JT	12	-15033	5	3	0	2
17JT	12	-16072	6	3	0	3
17JT	12	-15025	5	3	0	4
17JT	12	-16017	6	2	1	6
17JT	12	28048	8	2	1	6
17JT	12	-15010	5	3	1	4
17JT	12	17068	7	2	1	3
17JT	12	18069	8	1	0	2
17JT	12	18002	8	2	1	6
17JT	12	28025	8	3	1	6
17JT	12	19048	9	1	0	0
17JT	12	19031	9	2	0	0
17JT	12	25059	5	1	0	6
17JT	12	25011	5	2	0	4
17JT	12	29035	9	3	0	0
17JT	12	27006	7	1	1	5
17JT	12	29083	9	1	0	0
17JT	12	19008	9	2	0	0
17JT	12	-16039	6	3	0	6
17JT	12	26064	6	3	1	4
17JT	12	19068	9	1	0	0
17JT	12	27046	7	1	0	6
17JT	12	27034	7	2	1	6
17JT	12	29006	9	1	0	0
17JT	12	29004	9	2	0	0
17JT	12	17023	7	2	0	4
17JT	12	18060	8	2	1	6
17JT	12	27004	7	1	0	6
17JT	12	18050	8	2	0	5
17JT	12	19013	9	1	0	0
17JT	12	19038	9	1	0	0
17JT	12	17007	7	1	1	6
17JT	12	29008	9	1	0	0
17JT	12	19059	9	1	0	0
17JT	12	-16051	6	3	0	4
17JT	12	25038	5	3	1	6
17JT	12	29034	9	1	0	0
17JT	12	18020	8	2	0	4
17JT	12	28018	8	2	0	5
17JT	12	-15012	5	1	1	6
17JT	12	19073	9	1	0	0
17JT	12	26001	6	1	0	6
17JT	12	26036	6	3	0	3
18YL	13	29053	9	1	0	0
18YL	13	-15011	5	3	1	6
18YL	13	29080	9	2	0	0
18YL	13	29027	9	1	0	0
18YL	13	29067	9	1	0	0
18YL	13	-16054	6	3	0	4
18YL	13	27025	7	2	0	3
18YL	13	25013	5	3	0	3
18YL	13	19090	9	1	0	0
18YL	13	-16013	6	3	1	3
18YL	13	17059	7	2	1	4
18YL	13	19030	9	2	0	0
18YL	13	25066	5	2	1	4
18YL	13	-16017	6	3	1	5
18YL	13	19037	9	3	0	0
18YL	13	29019	9	2	0	0
18YL	13	29030	9	1	0	0
18YL	13	18006	8	3	0	3
18YL	13	29043	9	2	0	0
18YL	13	-16036	6	3	0	4
18YL	13	25004	5	3	1	4
18YL	13	-15052	5	2	0	5
18YL	13	26027	6	3	0	3
18YL	13	27029	7	3	0	4
18YL	13	17009	7	2	1	4
18YL	13	27016	7	2	0	6
18YL	13	25033	5	2	1	2
18YL	13	28022	8	2	0	4
18YL	13	-15031	5	3	1	4
18YL	13	27068	7	3	0	6
18YL	13	19066	9	1	0	0
18YL	13	17064	7	2	1	3
18YL	13	19046	9	1	0	0
18YL	13	26064	6	3	0	4
18YL	13	25008	5	3	0	2
18YL	13	29054	9	1	0	0
18YL	13	29034	9	2	0	0
18YL	13	18070	8	2	0	5
18YL	13	-16046	6	3	0	2
18YL	13	18058	8	2	0	6
18YL	13	28041	8	2	0	4
18YL	13	19017	9	1	0	0
18YL	13	17033	7	3	0	6
18YL	13	28009	8	2	0	4
18YL	13	18022	8	2	1	3
18YL	13	29045	9	1	0	0
18YL	13	17023	7	2	1	4
18YL	13	19087	9	2	0	0
18YL	13	28045	8	3	0	2
18YL	13	19075	9	1	0	0
18YL	13	25050	5	3	0	4
18YL	13	18072	8	1	0	3
18YL	13	26001	6	3	0	5
18YL	13	26059	6	3	0	6
18YL	13	19016	9	1	0	0
18YL	13	27037	7	2	1	5
18YL	13	26047	6	3	0	5
18YL	13	18062	8	1	1	2
18YL	13	-16041	6	1	1	3
18YL	13	26054	6	1	0	2
18YL	13	27011	7	3	0	6
18YL	13	18004	8	2	1	3
18YL	13	-16001	6	3	1	4
18YL	13	19026	9	1	0	0
18YL	13	29016	9	1	0	0
18YL	13	17056	7	2	0	4
18YL	13	17016	7	3	0	3
18YL	13	29087	9	2	0	0
18YL	13	18043	8	2	1	6
18YL	13	28039	8	1	1	4
18YL	13	-15067	5	3	1	5
18YL	13	19008	9	1	0	0
18YL	13	25023	5	3	0	5
18YL	13	26043	6	1	1	3
18YL	13	29033	9	2	0	0
18YL	13	-15040	5	3	1	4
18YL	13	27006	7	3	0	4
18YL	13	17030	7	3	1	6
18YL	13	17048	7	3	0	2
18YL	13	19089	9	2	0	0
18YL	13	-15066	5	2	0	4
18YL	13	25071	5	2	1	6
18YL	13	29006	9	2	0	0
18YL	13	19022	9	1	0	0
18YL	13	28051	8	2	1	5
18YL	13	26019	6	1	1	5
18YL	13	26061	6	3	0	4
18YL	13	-15027	5	3	0	6
18YL	13	19074	9	2	0	0
18YL	13	19063	9	1	0	0
18YL	13	29031	9	2	0	0
18YL	13	-15007	5	1	0	5
18YL	13	27018	7	2	1	6
18YL	13	17025	7	2	1	6
18YL	13	25035	5	3	1	2
18YL	13	-16020	6	3	0	5
18YL	13	19040	9	1	0	0
18YL	13	28058	8	2	0	3
18YL	13	26056	6	2	1	4
18YL	13	25070	5	2	1	6
18YL	13	18050	8	1	0	4
18YL	13	29048	9	1	0	0
18YL	13	29046	9	1	0	0
18YL	13	18037	8	3	1	4
18YL	13	19064	9	1	0	0
18YL	13	19080	9	1	0	0
18YL	13	28031	8	3	1	5
18YL	13	29075	9	1	0	0
20BE	14	29033	9	1	0	0
20BE	14	19060	9	1	0	0
20BE	14	19074	9	1	0	0
20BE	14	26029	6	3	1	1
20BE	14	-15006	5	3	1	4
20BE	14	25051	5	2	1	4
20BE	14	19089	9	2	0	0
20BE	14	27054	7	3	0	2
20BE	14	18038	8	1	0	5
20BE	14	17004	7	2	1	4
20BE	14	-16002	6	2	1	6
20BE	14	29085	9	1	0	0
20BE	14	26004	6	2	0	3
20BE	14	27013	7	2	0	2
20BE	14	27057	7	2	1	3
20BE	14	-16055	6	1	1	1
20BE	14	-15072	5	1	0	2
20BE	14	29016	9	1	0	0
20BE	14	29070	9	2	0	0
20BE	14	-15063	5	1	0	2
20BE	14	28038	8	2	0	2
20BE	14	18010	8	2	0	1
20BE	14	29009	9	1	0	0
20BE	14	29078	9	1	0	0
20BE	14	28036	8	2	0	3
20BE	14	29047	9	1	0	0
20BE	14	17052	7	2	1	2
20BE	14	28067	8	1	0	2
20BE	14	28034	8	1	0	4
20BE	14	27007	7	1	1	5
20BE	14	19015	9	1	0	0
20BE	14	29003	9	1	0	0
20BE	14	26047	6	1	0	5
20BE	14	18043	8	1	0	5
20BE	14	28019	8	2	0	1
20BE	14	18069	8	2	0	1
20BE	14	25026	5	1	1	1
20BE	14	-15060	5	2	0	5
20BE	14	-16036	6	3	1	1
20BE	14	17032	7	0	0	1
20BE	14	29002	9	1	0	0
20BE	14	-15050	5	2	0	3
20BE	14	26064	6	2	1	5
20BE	14	-16053	6	2	0	3
20BE	14	19075	9	1	0	0
20BE	14	17068	7	1	0	2
20BE	14	19013	9	1	0	0
20BE	14	19009	9	1	0	0
20BE	14	25002	5	2	1	4
20BE	14	27022	7	1	1	6
20BE	14	29004	9	1	0	0
20BE	14	29082	9	1	0	0
20BE	14	-16020	6	2	1	2
20BE	14	-15046	5	2	1	1
20BE	14	19076	9	1	0	0
20BE	14	28028	8	1	0	3
20BE	14	25032	5	3	1	5
20BE	14	29065	9	2	0	0
20BE	14	19048	9	2	0	0
20BE	14	28016	8	2	0	3
20BE	14	18030	8	2	1	3
20BE	14	-16041	6	2	0	3
20BE	14	19010	9	1	0	0
20BE	14	19072	9	1	0	0
20BE	14	29066	9	1	0	0
20BE	14	29060	9	1	0	0
20BE	14	17013	7	2	1	5
20BE	14	28062	8	1	0	3
20BE	14	26041	6	2	0	4
20BE	14	26071	6	1	0	1
20BE	14	29027	9	1	0	0
20BE	14	19001	9	1	0	0
20BE	14	28056	8	1	1	5
20BE	14	25005	5	2	0	3
20BE	14	-15047	5	1	1	2
20BE	14	27018	7	2	0	5
20BE	14	19081	9	1	0	0
20BE	14	26043	6	1	1	5
20BE	14	27009	7	1	0	2
20BE	14	-15026	5	1	1	5
20BE	14	18057	8	1	0	3
20BE	14	19016	9	1	0	0
20BE	14	29031	9	1	0	0
20BE	14	17024	7	2	1	6
20BE	14	27040	7	3	0	4
20BE	14	-16007	6	1	0	4
20BE	14	27045	7	2	1	5
20BE	14	27060	7	2	0	3
20BE	14	18065	8	2	0	1
20BE	14	-16028	6	3	0	4
20BE	14	-16061	6	1	1	5
20BE	14	19021	9	1	0	0
20BE	14	28065	8	1	0	1
20BE	14	26069	6	1	1	5
20BE	14	25024	5	3	0	1
20BE	14	17015	7	2	1	5
20BE	14	29030	9	2	0	0
20BE	14	-15039	5	3	1	2
20BE	14	19066	9	1	0	0
20BE	14	19083	9	1	0	0
20BE	14	-15034	5	2	0	3
20BE	14	-16012	6	1	0	5
20BE	14	29026	9	1	0	0
20BE	14	19011	9	1	0	0
20BE	14	25050	5	2	0	2
20BE	14	27011	7	2	1	6
20BE	14	-15017	5	2	1	1
20BE	14	18021	8	2	0	2
21OM	15	19043	9	1	0	0
21OM	15	29081	9	1	0	0
21OM	15	29004	9	1	0	0
21OM	15	29076	9	1	0	0
21OM	15	28038	8	2	1	2
21OM	15	17056	7	2	1	1
21OM	15	25002	5	3	0	6
21OM	15	17066	7	1	0	2
21OM	15	18013	8	3	0	2
21OM	15	19015	9	1	0	0
21OM	15	26023	6	3	0	1
21OM	15	28047	8	1	1	3
21OM	15	19018	9	1	0	0
21OM	15	29018	9	2	0	0
21OM	15	19023	9	1	0	0
21OM	15	25060	5	3	0	3
21OM	15	-16062	6	1	0	6
21OM	15	25068	5	1	1	4
21OM	15	27011	7	2	1	5
21OM	15	25009	5	1	1	5
21OM	15	18003	8	2	1	3
21OM	15	27013	7	2	1	6
21OM	15	28007	8	2	1	2
21OM	15	19009	9	1	0	0
21OM	15	29017	9	1	0	0
21OM	15	19028	9	1	0	0
21OM	15	28039	8	3	0	4
21OM	15	29009	9	1	0	0
21OM	15	25020	5	2	1	6
21OM	15	17032	7	2	1	3
21OM	15	27003	7	1	0	3
21OM	15	29023	9	1	0	0
21OM	15	-16024	6	3	1	5
21OM	15	26065	6	1	0	3
21OM	15	-16050	6	1	1	2
21OM	15	-16016	6	2	0	3
21OM	15	29057	9	2	0	0
21OM	15	28022	8	1	1	5
21OM	15	19074	9	1	0	0
21OM	15	-16030	6	2	1	6
21OM	15	29010	9	1	0	0
21OM	15	28051	8	2	1	2
21OM	15	17002	7	1	0	1
21OM	15	25029	5	3	0	5
21OM	15	18058	8	2	1	6
21OM	15	-16034	6	1	0	4
21OM	15	29088	9	1	0	0
21OM	15	27057	7	3	1	6
21OM	15	29011	9	1	0	0
21OM	15	17054	7	1	0	2
21OM	15	-15017	5	3	1	4
21OM	15	-15047	5	2	1	6
21OM	15	26061	6	1	1	4
21OM	15	-15011	5	3	1	5
21OM	15	29090	9	1	0	0
21OM	15	17072	7	3	1	4
21OM	15	19051	9	1	0	0
21OM	15	-16008	6	1	1	3
21OM	15	29021	9	1	0	0
21OM	15	26034	6	2	0	4
21OM	15	18063	8	2	1	6
21OM	15	19081	9	1	0	0
21OM	15	29056	9	1	0	0
21OM	15	19082	9	1	0	0
21OM	15	19014	9	1	0	0
21OM	15	25055	5	2	1	3
21OM	15	18019	8	3	0	3
21OM	15	25053	5	1	0	2
21OM	15	-16051	6	3	0	3
21OM	15	19027	9	1	0	0
21OM	15	29075	9	2	0	0
21OM	15	17038	7	1	0	2
21OM	15	-15045	5	1	0	4
21OM	15	28049	8	2	1	6
21OM	15	27005	7	2	1	4
21OM	15	28016	8	3	0	2
21OM	15	-15041	5	3	1	3
21OM	15	-16027	6	1	1	6
21OM	15	29089	9	1	0	0
21OM	15	19010	9	1	0	0
21OM	15	19008	9	3	0	0
21OM	15	26032	6	1	1	3
21OM	15	18005	8	2	1	1
21OM	15	19038	9	1	0	0
21OM	15	18040	8	3	0	2
21OM	15	19083	9	1	0	0
21OM	15	28046	8	3	1	6
21OM	15	27028	7	2	0	2
21OM	15	-16009	6	2	0	3
21OM	15	29041	9	1	0	0
21OM	15	28035	8	2	0	2
21OM	15	19013	9	1	0	0
21OM	15	25071	5	2	0	3
21OM	15	-15068	5	2	1	6
21OM	15	17021	7	1	0	4
21OM	15	27064	7	2	0	0
21OM	15	-15035	5	3	1	5
21OM	15	-15043	5	1	1	2
21OM	15	17060	7	2	1	2
21OM	15	27025	7	1	1	6
21OM	15	-16025	6	3	1	6
21OM	15	25044	5	1	0	5
21OM	15	26070	6	2	0	3
21OM	15	19089	9	2	0	0
21OM	15	28017	8	2	1	5
21OM	15	26041	6	1	0	1
21OM	15	17069	7	1	0	3
21OM	15	29062	9	1	0	0
22RJ	16	29078	9	1	0	0
22RJ	16	-16070	6	3	0	2
22RJ	16	28030	8	3	0	6
22RJ	16	25046	5	2	0	2
22RJ	16	26034	6	3	0	4
22RJ	16	29066	9	1	0	0
22RJ	16	-15050	5	3	1	4
22RJ	16	19049	9	1	0	0
22RJ	16	19028	9	1	0	0
22RJ	16	19035	9	1	0	0
22RJ	16	25068	5	3	1	6
22RJ	16	28040	8	3	1	4
22RJ	16	27006	7	2	1	4
22RJ	16	-16038	6	3	0	1
22RJ	16	27020	7	3	1	2
22RJ	16	17010	7	3	1	3
22RJ	16	17055	7	2	0	3
22RJ	16	28008	8	2	0	2
22RJ	16	29009	9	1	0	0
22RJ	16	26048	6	3	0	4
22RJ	16	19005	9	1	0	0
22RJ	16	28038	8	1	0	3
22RJ	16	28010	8	2	1	6
22RJ	16	-16068	6	3	0	0
22RJ	16	-16023	6	3	1	5
22RJ	16	-15071	5	3	1	6
22RJ	16	19061	9	1	0	0
22RJ	16	27051	7	2	1	2
22RJ	16	19074	9	1	0	0
22RJ	16	18003	8	2	1	1
22RJ	16	-15063	5	3	1	6
22RJ	16	29067	9	1	0	0
22RJ	16	28053	8	2	0	4
22RJ	16	27072	7	2	1	5
22RJ	16	-15006	5	3	1	5
22RJ	16	26035	6	3	0	3
22RJ	16	25069	5	3	1	5
22RJ	16	19006	9	1	0	0
22RJ	16	29020	9	1	0	0
22RJ	16	-15025	5	3	1	4
22RJ	16	29076	9	1	0	0
22RJ	16	27002	7	2	0	1
22RJ	16	-16061	6	3	1	6
22RJ	16	18044	8	1	1	6
22RJ	16	-16028	6	3	1	5
22RJ	16	18014	8	2	1	4
22RJ	16	29082	9	1	0	0
22RJ	16	19060	9	1	0	0
22RJ	16	27025	7	2	0	2
22RJ	16	29041	9	1	0	0
22RJ	16	29018	9	2	0	0
22RJ	16	19085	9	1	0	0
22RJ	16	17065	7	2	1	5
22RJ	16	-15057	5	3	0	3
22RJ	16	29074	9	1	0	0
22RJ	16	19062	9	1	0	0
22RJ	16	26049	6	3	1	6
22RJ	16	19016	9	1	0	0
22RJ	16	17007	7	2	0	4
22RJ	16	27055	7	2	1	6
22RJ	16	-16031	6	2	0	1
22RJ	16	19018	9	1	0	0
22RJ	16	-15040	5	3	1	4
22RJ	16	19065	9	1	0	0
22RJ	16	-15012	5	3	1	3
22RJ	16	26013	6	1	1	4
22RJ	16	25023	5	3	1	5
22RJ	16	29011	9	1	0	0
22RJ	16	26027	6	3	1	4
22RJ	16	25016	5	3	0	3
22RJ	16	17021	7	1	1	6
22RJ	16	19071	9	2	0	0
22RJ	16	-15034	5	3	0	3
22RJ	16	29002	9	1	0	0
22RJ	16	19055	9	1	0	0
22RJ	16	27018	7	2	1	2
22RJ	16	29028	9	2	0	0
22RJ	16	28032	8	2	1	3
22RJ	16	26065	6	3	1	5
22RJ	16	18060	8	2	1	6
22RJ	16	26060	6	3	1	6
22RJ	16	19001	9	2	0	0
22RJ	16	25042	5	2	1	5
22RJ	16	29075	9	2	0	0
22RJ	16	18052	8	2	1	3
22RJ	16	-15030	5	3	1	4
22RJ	16	29016	9	1	0	0
22RJ	16	26004	6	2	0	2
22RJ	16	25061	5	3	1	5
22RJ	16	28058	8	2	1	5
22RJ	16	-16048	6	3	0	4
22RJ	16	29059	9	1	0	0
22RJ	16	18045	8	2	1	4
22RJ	16	28063	8	1	1	5
22RJ	16	18019	8	2	0	4
22RJ	16	17017	7	2	0	4
22RJ	16	19031	9	2	0	0
22RJ	16	29012	9	1	0	0
22RJ	16	27011	7	2	0	3
22RJ	16	27044	7	2	0	4
22RJ	16	29043	9	1	0	0
22RJ	16	18035	8	2	0	0
22RJ	16	19044	9	1	0	0
22RJ	16	25022	5	2	1	3
22RJ	16	18001	8	2	0	5
22RJ	16	17053	7	2	1	6
22RJ	16	17016	7	2	1	3
22RJ	16	-16042	6	3	1	3
23AW	17	29006	9	1	0	0
23AW	17	17011	7	2	1	6
23AW	17	27036	7	2	1	6
23AW	17	28033	8	2	1	6
23AW	17	18038	8	2	1	5
23AW	17	19040	9	1	0	0
23AW	17	27039	7	2	1	6
23AW	17	-15015	5	3	1	6
23AW	17	-16070	6	3	1	3
23AW	17	-15005	5	3	1	6
23AW	17	25042	5	3	0	3
23AW	17	17060	7	2	1	6
23AW	17	25013	5	3	1	6
23AW	17	19050	9	1	0	0
23AW	17	-16019	6	2	1	3
23AW	17	29086	9	1	0	0
23AW	17	17025	7	2	1	5
23AW	17	-16013	6	3	0	3
23AW	17	28008	8	2	1	6
23AW	17	19023	9	1	0	0
23AW	17	-16009	6	3	1	4
23AW	17	29055	9	1	0	0
23AW	17	19027	9	1	0	0
23AW	17	-16064	6	3	0	1
23AW	17	17050	7	2	0	4
23AW	17	29059	9	2	0	0
23AW	17	19078	9	1	0	0
23AW	17	28070	8	2	0	1
23AW	17	25005	5	3	1	6
23AW	17	19041	9	1	0	0
23AW	17	28029	8	2	1	4
23AW	17	-16045	6	3	1	5
23AW	17	25015	5	3	1	3
23AW	17	18029	8	2	1	6
23AW	17	27017	7	2	1	5
23AW	17	27058	7	2	1	6
23AW	17	29073	9	1	0	0
23AW	17	-15051	5	3	1	6
23AW	17	29027	9	2	0	0
23AW	17	26022	6	3	1	5
23AW	17	19022	9	1	0	0
23AW	17	29039	9	1	0	0
23AW	17	18034	8	2	1	6
23AW	17	-16053	6	3	0	5
23AW	17	-15021	5	3	1	5
23AW	17	19010	9	1	0	0
23AW	17	17071	7	3	1	2
23AW	17	18008	8	2	1	5
23AW	17	19046	9	1	0	0
23AW	17	28032	8	2	1	5
23AW	17	19064	9	1	0	0
23AW	17	-15017	5	2	1	3
23AW	17	26002	6	3	1	6
23AW	17	29078	9	1	0	0
23AW	17	19089	9	2	0	0
23AW	17	19065	9	1	0	0
23AW	17	28046	8	2	1	6
23AW	17	19083	9	1	0	0
23AW	17	-15068	5	3	0	3
23AW	17	25054	5	3	1	6
23AW	17	27068	7	3	1	5
23AW	17	29068	9	1	0	0
23AW	17	29040	9	1	0	0
23AW	17	26052	6	3	1	6
23AW	17	28037	8	3	1	4
23AW	17	17040	7	2	1	2
23AW	17	26050	6	3	1	6
23AW	17	18032	8	2	1	6
23AW	17	19049	9	1	0	0
23AW	17	19063	9	1	0	0
23AW	17	29063	9	1	0	0
23AW	17	28012	8	2	1	6
23AW	17	26010	6	3	0	5
23AW	17	17048	7	2	1	3
23AW	17	-15002	5	3	1	3
23AW	17	-15055	5	3	1	3
23AW	17	19042	9	1	0	0
23AW	17	26071	6	3	1	4
23AW	17	-16043	6	3	1	3
23AW	17	19029	9	1	0	0
23AW	17	25019	5	2	0	1
23AW	17	26043	6	3	1	6
23AW	17	19044	9	1	0	0
23AW	17	29048	9	1	0	0
23AW	17	26061	6	3	1	5
23AW	17	25004	5	2	1	5
23AW	17	28025	8	2	1	5
23AW	17	29036	9	1	0	0
23AW	17	25056	5	3	1	6
23AW	17	18061	8	2	1	6
23AW	17	-16003	6	3	0	1
23AW	17	25028	5	3	0	5
23AW	17	27063	7	2	1	4
23AW	17	17057	7	2	1	6
23AW	17	17023	7	1	1	5
23AW	17	18065	8	2	1	6
23AW	17	-16027	6	3	0	4
23AW	17	29088	9	1	0	0
23AW	17	18041	8	2	1	4
23AW	17	29026	9	1	0	0
23AW	17	27048	7	2	1	3
23AW	17	17036	7	2	0	5
23AW	17	29018	9	2	0	0
23AW	17	28060	8	2	0	1
23AW	17	27023	7	3	0	6
23AW	17	29074	9	1	0	0
23AW	17	29047	9	1	0	0
23AW	17	25066	5	3	1	4
24TW	18	19080	9	1	0	0
24TW	18	19003	9	1	0	0
24TW	18	18001	8	1	1	4
24TW	18	18072	8	1	0	4
24TW	18	26066	6	3	0	5
24TW	18	18055	8	3	0	5
24TW	18	19030	9	1	0	0
24TW	18	25003	5	3	1	6
24TW	18	26061	6	3	0	5
24TW	18	-15029	5	3	1	5
24TW	18	17044	7	1	1	5
24TW	18	-16040	6	3	0	5
24TW	18	17064	7	1	0	4
24TW	18	17052	7	3	0	4
24TW	18	-15017	5	1	0	4
24TW	18	19075	9	1	0	0
24TW	18	19037	9	1	0	0
24TW	18	-16037	6	1	0	5
24TW	18	17005	7	1	1	5
24TW	18	29084	9	1	0	0
24TW	18	29059	9	1	0	0
24TW	18	18025	8	1	0	4
24TW	18	19072	9	1	0	0
24TW	18	28013	8	1	0	4
24TW	18	-16042	6	1	0	5
24TW	18	-15050	5	1	0	4
24TW	18	27055	7	1	0	5
24TW	18	29044	9	1	0	0
24TW	18	26063	6	3	0	5
24TW	18	29037	9	1	0	0
24TW	18	-16013	6	3	0	6
24TW	18	27010	7	1	1	5
24TW	18	25047	5	3	0	6
24TW	18	29033	9	1	0	0
24TW	18	-15022	5	1	0	3
24TW	18	18070	8	1	1	5
24TW	18	28049	8	1	1	3
24TW	18	27022	7	1	1	5
24TW	18	17023	7	1	0	6
24TW	18	19083	9	3	0	0
24TW	18	29039	9	1	0	0
24TW	18	25053	5	1	0	4
24TW	18	25027	5	3	0	5
24TW	18	28058	8	1	0	3
24TW	18	17032	7	1	1	3
24TW	18	19002	9	1	0	0
24TW	18	18012	8	1	0	5
24TW	18	26051	6	3	0	6
24TW	18	25071	5	3	1	5
24TW	18	-16033	6	3	1	4
24TW	18	19071	9	1	0	0
24TW	18	29047	9	1	0	0
24TW	18	29078	9	1	0	0
24TW	18	19036	9	1	0	0
24TW	18	19082	9	1	0	0
24TW	18	29066	9	1	0	0
24TW	18	27023	7	1	0	5
24TW	18	26015	6	1	0	6
24TW	18	18045	8	3	1	5
24TW	18	29055	9	1	0	0
24TW	18	-15007	5	1	0	3
24TW	18	25019	5	1	0	4
24TW	18	27017	7	2	0	5
24TW	18	27005	7	1	1	5
24TW	18	18019	8	1	0	5
24TW	18	-15060	5	2	0	4
24TW	18	19047	9	1	0	0
24TW	18	29071	9	1	0	0
24TW	18	25041	5	1	0	5
24TW	18	29080	9	2	0	0
24TW	18	26025	6	3	1	5
24TW	18	17068	7	1	1	5
24TW	18	18016	8	3	1	6
24TW	18	-15057	5	1	1	6
24TW	18	19027	9	1	0	0
24TW	18	17061	7	1	0	5
24TW	18	17027	7	3	0	5
24TW	18	19031	9	1	0	0
24TW	18	-16010	6	2	0	4
24TW	18	26044	6	3	1	4
24TW	18	-15066	5	3	0	5
24TW	18	-16047	6	3	0	5
24TW	18	18004	8	1	0	5
24TW	18	19052	9	2	0	0
24TW	18	29082	9	1	0	0
24TW	18	-15054	5	2	0	5
24TW	18	26032	6	3	0	5
24TW	18	25008	5	2	0	4
24TW	18	28033	8	1	0	3
24TW	18	29057	9	3	0	0
24TW	18	26070	6	1	0	5
24TW	18	19040	9	1	0	0
24TW	18	29056	9	1	0	0
24TW	18	27029	7	1	1	6
24TW	18	19063	9	1	0	0
24TW	18	29067	9	1	0	0
24TW	18	29001	9	1	0	0
24TW	18	27001	7	1	1	4
24TW	18	29075	9	1	0	0
24TW	18	19033	9	1	0	0
24TW	18	26038	6	1	0	3
24TW	18	28067	8	1	0	4
24TW	18	26046	6	3	1	4
24TW	18	28060	8	1	0	4
24TW	18	18035	8	2	0	5
24TW	18	25011	5	1	1	4
24TW	18	27039	7	3	0	5
24TW	18	28036	8	1	1	5
25KB	19	29087	9	1	0	0
25KB	19	-15026	5	3	1	5
25KB	19	29063	9	1	0	0
25KB	19	18003	8	3	0	2
25KB	19	-15037	5	3	0	5
25KB	19	27029	7	3	0	3
25KB	19	26006	6	2	1	2
25KB	19	19087	9	2	0	0
25KB	19	29043	9	1	0	0
25KB	19	27009	7	2	0	6
25KB	19	28019	8	2	1	3
25KB	19	19012	9	1	0	0
25KB	19	-16022	6	3	0	4
25KB	19	27069	7	2	0	4
25KB	19	-16048	6	3	0	5
25KB	19	25014	5	3	1	6
25KB	19	25012	5	3	1	5
25KB	19	29033	9	1	0	0
25KB	19	-16068	6	3	0	1
25KB	19	-15028	5	3	0	4
25KB	19	26024	6	3	0	2
25KB	19	19051	9	1	0	0
25KB	19	19024	9	1	0	0
25KB	19	18002	8	3	0	1
25KB	19	28060	8	2	1	4
25KB	19	19008	9	1	0	0
25KB	19	18049	8	2	0	1
25KB	19	27015	7	2	0	3
25KB	19	19018	9	1	0	0
25KB	19	-15012	5	3	1	5
25KB	19	29014	9	1	0	0
25KB	19	27056	7	3	1	1
25KB	19	17070	7	2	1	6
25KB	19	29037	9	1	0	0
25KB	19	-16055	6	3	1	5
25KB	19	26039	6	3	1	2
25KB	19	18029	8	2	1	5
25KB	19	28065	8	3	1	6
25KB	19	-15064	5	3	1	4
25KB	19	29058	9	1	0	0
25KB	19	17066	7	2	0	2
25KB	19	19076	9	1	0	0
25KB	19	18007	8	3	1	6
25KB	19	29075	9	1	0	0
25KB	19	27031	7	2	1	4
25KB	19	29052	9	1	0	0
25KB	19	25034	5	3	0	3
25KB	19	-15041	5	3	1	5
25KB	19	29032	9	1	0	0
25KB	19	17016	7	2	1	2
25KB	19	29083	9	1	0	0
25KB	19	-16010	6	3	0	3
25KB	19	26028	6	3	1	6
25KB	19	28063	8	2	1	2
25KB	19	19083	9	1	0	0
25KB	19	29081	9	1	0	0
25KB	19	19063	9	1	0	0
25KB	19	-15046	5	3	1	2
25KB	19	-15036	5	3	0	1
25KB	19	17058	7	3	1	5
25KB	19	29066	9	1	0	0
25KB	19	-15032	5	3	0	3
25KB	19	27037	7	2	0	3
25KB	19	-16018	6	3	1	3
25KB	19	-16072	6	2	0	1
25KB	19	25058	5	1	1	5
25KB	19	28053	8	3	1	4
25KB	19	26051	6	3	1	5
25KB	19	-16054	6	3	1	6
25KB	19	-15006	5	3	1	4
25KB	19	19009	9	1	0	0
25KB	19	18033	8	3	0	2
25KB	19	19007	9	1	0	0
25KB	19	19046	9	1	0	0
25KB	19	17020	7	2	0	5
25KB	19	19065	9	1	0	0
25KB	19	29069	9	1	0	0
25KB	19	29018	9	2	0	0
25KB	19	17039	7	3	1	6
25KB	19	28068	8	3	0	4
25KB	19	-15051	5	3	1	5
25KB	19	28021	8	1	1	1
25KB	19	27017	7	2	1	3
25KB	19	18060	8	3	1	6
25KB	19	19054	9	1	0	0
25KB	19	29072	9	1	0	0
25KB	19	19035	9	1	0	0
25KB	19	27071	7	3	0	2
25KB	19	26025	6	3	1	4
25KB	19	28050	8	3	1	5
25KB	19	18024	8	1	1	5
25KB	19	25042	5	3	0	4
25KB	19	19019	9	1	0	0
25KB	19	26035	6	3	0	1
25KB	19	25061	5	1	1	6
25KB	19	29065	9	1	0	0
25KB	19	-16013	6	3	1	5
25KB	19	27046	7	2	1	2
25KB	19	29061	9	1	0	0
25KB	19	19004	9	1	0	0
25KB	19	18043	8	2	1	3
25KB	19	27004	7	2	0	5
25KB	19	17061	7	3	1	6
25KB	19	26007	6	1	0	1
25KB	19	25047	5	3	1	2
25KB	19	19057	9	1	0	0
25KB	19	28002	8	2	1	2
25KB	19	26044	6	3	0	3
26GG	20	19074	9	2	0	0
26GG	20	17015	7	2	0	2
26GG	20	-16024	6	3	0	2
26GG	20	19001	9	1	0	0
26GG	20	27013	7	1	0	2
26GG	20	27039	7	3	0	2
26GG	20	29067	9	1	0	0
26GG	20	25010	5	3	0	2
26GG	20	-16050	6	1	1	5
26GG	20	27001	7	2	0	3
26GG	20	25069	5	1	1	2
26GG	20	28022	8	2	0	2
26GG	20	27042	7	2	1	2
26GG	20	29051	9	1	0	0
26GG	20	-16047	6	3	1	5
26GG	20	29065	9	1	0	0
26GG	20	-16021	6	3	0	5
26GG	20	28030	8	1	1	2
26GG	20	25067	5	3	0	4
26GG	20	28007	8	2	0	2
26GG	20	29002	9	1	0	0
26GG	20	-16055	6	3	0	2
26GG	20	29022	9	1	0	0
26GG	20	26052	6	2	1	6
26GG	20	28005	8	3	1	5
26GG	20	29079	9	1	0	0
26GG	20	27033	7	1	0	5
26GG	20	19019	9	1	0	0
26GG	20	-15052	5	3	0	2
26GG	20	28058	8	2	0	2
26GG	20	19010	9	2	0	0
26GG	20	26050	6	1	1	2
26GG	20	29013	9	1	0	0
26GG	20	-15058	5	3	0	3
26GG	20	19055	9	1	0	0
26GG	20	-15068	5	3	0	2
26GG	20	19041	9	1	0	0
26GG	20	17002	7	3	1	6
26GG	20	-15036	5	3	1	3
26GG	20	-16029	6	1	0	2
26GG	20	-16044	6	1	1	2
26GG	20	19032	9	2	0	0
26GG	20	17065	7	1	1	6
26GG	20	28054	8	3	0	2
26GG	20	19062	9	1	0	0
26GG	20	17062	7	1	1	5
26GG	20	29001	9	2	0	0
26GG	20	28017	8	2	1	5
26GG	20	-15019	5	3	1	2
26GG	20	28047	8	1	1	1
26GG	20	29047	9	1	0	0
26GG	20	-15071	5	1	1	2
26GG	20	28024	8	2	1	5
26GG	20	29018	9	2	0	0
26GG	20	19017	9	2	0	0
26GG	20	17009	7	3	0	2
26GG	20	25043	5	3	1	2
26GG	20	28038	8	3	0	2
26GG	20	26072	6	2	1	5
26GG	20	28066	8	1	0	2
26GG	20	-16033	6	3	1	2
26GG	20	29027	9	2	0	0
26GG	20	25035	5	2	0	5
26GG	20	19056	9	1	0	0
26GG	20	27025	7	3	1	1
26GG	20	29006	9	1	0	0
26GG	20	-16039	6	2	0	5
26GG	20	17005	7	2	0	4
26GG	20	19080	9	1	0	0
26GG	20	26012	6	1	1	5
26GG	20	19088	9	2	0	0
26GG	20	-16042	6	3	1	4
26GG	20	-16018	6	3	0	2
26GG	20	27046	7	2	1	5
26GG	20	19042	9	1	0	0
26GG	20	-15013	5	3	1	2
26GG	20	29053	9	2	0	0
26GG	20	28019	8	2	0	4
26GG	20	18064	8	2	0	4
26GG	20	18053	8	1	1	2
26GG	20	-16032	6	2	0	1
26GG	20	17008	7	3	1	5
26GG	20	19013	9	1	0	0
26GG	20	17026	7	2	0	2
26GG	20	25055	5	3	0	2
26GG	20	25004	5	3	0	1
26GG	20	-16046	6	3	0	2
26GG	20	28064	8	2	0	3
26GG	20	29089	9	1	0	0
26GG	20	29025	9	2	0	0
26GG	20	25028	5	3	1	6
26GG	20	27062	7	3	0	2
26GG	20	19025	9	1	0	0
26GG	20	-15037	5	3	1	6
26GG	20	19022	9	1	0	0
26GG	20	17059	7	2	1	5
26GG	20	-16070	6	3	1	2
26GG	20	29026	9	2	0	0
26GG	20	18012	8	1	0	2
26GG	20	28031	8	1	1	1
26GG	20	25060	5	1	0	1
26GG	20	29055	9	1	0	0
26GG	20	17027	7	2	1	2
26GG	20	29041	9	1	0	0
26GG	20	18004	8	2	1	2
26GG	20	19011	9	1	0	0
26GG	20	25016	5	3	0	2
26GG	20	19068	9	1	0	0
27CL	21	29069	9	2	0	0
27CL	21	-16027	6	3	1	2
27CL	21	17011	7	3	1	1
27CL	21	19016	9	1	0	0
27CL	21	25021	5	3	1	3
27CL	21	27036	7	2	0	6
27CL	21	29060	9	1	0	0
27CL	21	29082	9	1	0	0
27CL	21	29052	9	1	0	0
27CL	21	29012	9	2	0	0
27CL	21	-15038	5	2	0	2
27CL	21	25031	5	3	0	4
27CL	21	-15029	5	3	0	2
27CL	21	28063	8	2	1	4
27CL	21	-15007	5	3	0	3
27CL	21	-16009	6	3	0	2
27CL	21	-16068	6	3	0	3
27CL	21	28047	8	2	0	2
27CL	21	29050	9	2	0	0
27CL	21	27060	7	3	0	2
27CL	21	25026	5	2	0	3
27CL	21	29031	9	1	0	0
27CL	21	26045	6	3	1	2
27CL	21	27023	7	1	1	3
27CL	21	26034	6	3	1	3
27CL	21	18021	8	1	0	3
27CL	21	25038	5	3	0	5
27CL	21	-16063	6	3	1	2
27CL	21	27014	7	2	0	3
27CL	21	17060	7	2	0	2
27CL	21	28004	8	1	0	2
27CL	21	17071	7	2	0	2
27CL	21	19060	9	2	0	0
27CL	21	27067	7	1	0	4
27CL	21	17033	7	3	0	1
27CL	21	-16003	6	3	0	2
27CL	21	19072	9	1	0	0
27CL	21	25062	5	3	1	3
27CL	21	29023	9	1	0	0
27CL	21	19074	9	1	0	0
27CL	21	29073	9	1	0	0
27CL	21	28054	8	2	0	5
27CL	21	19023	9	1	0	0
27CL	21	-15042	5	3	0	2
27CL	21	26055	6	3	0	3
27CL	21	29016	9	1	0	0
27CL	21	28072	8	2	0	3
27CL	21	-16036	6	3	0	2
27CL	21	29088	9	1	0	0
27CL	21	19026	9	1	0	0
27CL	21	18006	8	2	0	3
27CL	21	28070	8	2	0	3
27CL	21	29009	9	2	0	0
27CL	21	28040	8	0	1	2
27CL	21	19083	9	0	0	0
27CL	21	17002	7	3	0	2
27CL	21	29036	9	1	0	0
27CL	21	19029	9	1	0	0
27CL	21	19032	9	1	0	0
27CL	21	18049	8	2	0	3
27CL	21	26058	6	2	0	1
27CL	21	29043	9	2	0	0
27CL	21	17016	7	2	1	1
27CL	21	27008	7	2	0	1
27CL	21	19049	9	1	0	0
27CL	21	29046	9	2	0	0
27CL	21	25042	5	2	0	1
27CL	21	-15046	5	3	0	3
27CL	21	19042	9	2	0	0
27CL	21	25052	5	3	1	2
27CL	21	26049	6	3	0	3
27CL	21	19077	9	1	0	0
27CL	21	17051	7	2	0	4
27CL	21	-15054	5	2	0	2
27CL	21	19081	9	1	0	0
27CL	21	18031	8	2	0	4
27CL	21	25020	5	2	0	1
27CL	21	27066	7	3	1	4
27CL	21	28027	8	2	0	1
27CL	21	18047	8	2	0	3
27CL	21	19054	9	1	0	0
27CL	21	17070	7	2	0	2
27CL	21	29079	9	1	0	0
27CL	21	28010	8	2	1	1
27CL	21	18056	8	2	0	5
27CL	21	26029	6	0	0	1
27CL	21	25016	5	2	0	2
27CL	21	-16061	6	2	1	2
27CL	21	26044	6	2	0	1
27CL	21	19033	9	1	0	0
27CL	21	-15043	5	2	0	2
27CL	21	19048	9	1	0	0
27CL	21	19044	9	1	0	0
27CL	21	-16023	6	3	1	3
27CL	21	18014	8	3	0	2
27CL	21	27018	7	2	0	3
27CL	21	19034	9	1	0	0
27CL	21	-16065	6	3	0	4
27CL	21	29013	9	1	0	0
27CL	21	-15058	5	2	0	1
27CL	21	29039	9	1	0	0
27CL	21	17018	7	3	1	4
27CL	21	18026	8	2	1	4
27CL	21	28011	8	2	0	2
27CL	21	26002	6	2	0	3
27CL	21	25005	5	2	0	3
27CL	21	-16040	6	3	0	6
27CL	21	17019	7	2	0	6
28TL	22	29072	9	1	0	0
28TL	22	19089	9	1	0	0
28TL	22	29034	9	1	0	0
28TL	22	17027	7	1	0	3
28TL	22	18014	8	2	1	3
28TL	22	17047	7	2	0	6
28TL	22	29046	9	1	0	0
28TL	22	-16004	6	3	0	2
28TL	22	-16064	6	2	1	5
28TL	22	26068	6	3	1	3
28TL	22	19031	9	2	0	0
28TL	22	25019	5	2	1	6
28TL	22	28023	8	2	1	6
28TL	22	26049	6	3	1	3
28TL	22	28039	8	1	1	5
28TL	22	18035	8	2	1	6
28TL	22	29036	9	1	0	0
28TL	22	19028	9	1	0	0
28TL	22	25056	5	2	1	5
28TL	22	19051	9	1	0	0
28TL	22	-16066	6	3	0	4
28TL	22	17007	7	2	0	6
28TL	22	25032	5	3	1	4
28TL	22	29039	9	1	0	0
28TL	22	29068	9	1	0	0
28TL	22	29026	9	1	0	0
28TL	22	-16067	6	3	1	4
28TL	22	29057	9	2	0	0
28TL	22	27008	7	1	1	5
28TL	22	29035	9	1	0	0
28TL	22	27027	7	2	1	6
28TL	22	26026	6	1	1	6
28TL	22	29017	9	1	0	0
28TL	22	-15016	5	2	0	4
28TL	22	26018	6	3	0	3
28TL	22	25004	5	3	0	3
28TL	22	29032	9	2	0	0
28TL	22	25029	5	1	0	2
28TL	22	27058	7	3	1	3
28TL	22	29001	9	3	0	0
28TL	22	18060	8	2	1	6
28TL	22	19062	9	1	0	0
28TL	22	27061	7	1	0	5
28TL	22	18055	8	3	0	5
28TL	22	18006	8	2	1	3
28TL	22	28071	8	2	1	6
28TL	22	25063	5	3	1	5
28TL	22	28036	8	3	1	3
28TL	22	-16039	6	3	0	2
28TL	22	-15042	5	3	0	4
28TL	22	17071	7	3	1	6
28TL	22	29047	9	1	0	0
28TL	22	17018	7	3	1	5
28TL	22	-15023	5	3	1	4
28TL	22	29011	9	1	0	0
28TL	22	17019	7	3	1	3
28TL	22	25069	5	1	1	5
28TL	22	19036	9	1	0	0
28TL	22	19006	9	1	0	0
28TL	22	28015	8	2	1	6
28TL	22	26034	6	3	1	6
28TL	22	19046	9	1	0	0
28TL	22	18044	8	3	0	4
28TL	22	18051	8	2	1	4
28TL	22	-15038	5	3	1	4
28TL	22	19057	9	2	0	0
28TL	22	-15062	5	2	1	5
28TL	22	29037	9	1	0	0
28TL	22	19050	9	2	0	0
28TL	22	-16021	6	3	0	4
28TL	22	17053	7	2	0	3
28TL	22	27053	7	2	1	5
28TL	22	25045	5	3	1	3
28TL	22	29084	9	1	0	0
28TL	22	17012	7	2	1	5
28TL	22	-16031	6	1	0	4
28TL	22	26012	6	2	1	4
28TL	22	19058	9	2	0	0
28TL	22	-16025	6	2	1	5
28TL	22	29028	9	2	0	0
28TL	22	-15029	5	3	0	4
28TL	22	-15070	5	3	1	6
28TL	22	19088	9	1	0	0
28TL	22	27052	7	2	1	5
28TL	22	26065	6	3	1	6
28TL	22	19021	9	1	0	0
28TL	22	18010	8	2	1	4
28TL	22	28006	8	2	0	3
28TL	22	19056	9	1	0	0
28TL	22	28013	8	2	1	6
28TL	22	27060	7	2	0	2
28TL	22	19054	9	1	0	0
28TL	22	28047	8	2	1	4
28TL	22	19048	9	2	0	0
28TL	22	17045	7	2	1	5
28TL	22	28010	8	3	1	6
28TL	22	25037	5	3	1	4
28TL	22	19052	9	1	0	0
28TL	22	19078	9	1	0	0
28TL	22	18057	8	2	1	4
28TL	22	27043	7	2	0	3
28TL	22	-15049	5	3	1	4
28TL	22	-15033	5	3	1	6
28TL	22	26022	6	3	1	4
28TL	22	29054	9	1	0	0
28TL	22	27042	7	2	1	3
28TL	22	26001	6	3	0	6
28TL	22	-16001	6	3	1	3
29AB	23	29081	9	1	0	0
29AB	23	-15035	5	1	1	6
29AB	23	28004	8	1	0	5
29AB	23	-15034	5	2	0	3
29AB	23	26068	6	2	1	6
29AB	23	29047	9	2	0	0
29AB	23	25049	5	1	1	6
29AB	23	17003	7	1	1	4
29AB	23	18028	8	2	1	4
29AB	23	27036	7	3	0	5
29AB	23	-15020	5	1	1	6
29AB	23	19019	9	2	0	0
29AB	23	29013	9	1	0	0
29AB	23	27072	7	2	0	4
29AB	23	19074	9	2	0	0
29AB	23	29004	9	1	0	0
29AB	23	-16021	6	1	1	4
29AB	23	29057	9	2	0	0
29AB	23	-16005	6	3	0	6
29AB	23	28070	8	1	0	6
29AB	23	26018	6	1	1	6
29AB	23	25040	5	1	0	4
29AB	23	28010	8	2	0	4
29AB	23	19081	9	1	0	0
29AB	23	26012	6	3	0	5
29AB	23	18001	8	1	0	3
29AB	23	19036	9	1	0	0
29AB	23	19051	9	1	0	0
29AB	23	26052	6	2	1	5
29AB	23	18049	8	1	0	5
29AB	23	27048	7	1	0	5
29AB	23	17058	7	1	0	3
29AB	23	-15065	5	1	0	6
29AB	23	-15040	5	3	0	6
29AB	23	29058	9	1	0	0
29AB	23	27024	7	1	1	5
29AB	23	19047	9	2	0	0
29AB	23	29043	9	1	0	0
29AB	23	19046	9	1	0	0
29AB	23	28033	8	2	0	3
29AB	23	26061	6	1	0	2
29AB	23	-15045	5	1	1	6
29AB	23	18018	8	3	0	3
29AB	23	27046	7	1	0	6
29AB	23	29005	9	1	0	0
29AB	23	27031	7	1	0	5
29AB	23	-16029	6	2	0	4
29AB	23	29032	9	2	0	0
29AB	23	-15009	5	1	0	3
29AB	23	17055	7	2	1	5
29AB	23	19057	9	3	0	0
29AB	23	29003	9	1	0	0
29AB	23	26028	6	1	0	1
29AB	23	18007	8	1	0	5
29AB	23	29017	9	1	0	0
29AB	23	27013	7	1	0	4
29AB	23	29027	9	2	0	0
29AB	23	18063	8	3	0	5
29AB	23	26055	6	1	0	6
29AB	23	29076	9	1	0	0
29AB	23	27064	7	1	1	3
29AB	23	28038	8	2	1	5
29AB	23	25007	5	1	0	6
29AB	23	29025	9	1	0	0
29AB	23	26060	6	2	0	6
29AB	23	19028	9	1	0	0
29AB	23	25066	5	2	0	5
29AB	23	-16011	6	1	0	3
29AB	23	-16047	6	3	1	2
29AB	23	-16071	6	1	0	3
29AB	23	17059	7	3	0	2
29AB	23	19062	9	2	0	0
29AB	23	19076	9	1	0	0
29AB	23	18015	8	1	1	6
29AB	23	-16044	6	1	0	5
29AB	23	29031	9	1	0	0
29AB	23	-15037	5	3	0	3
29AB	23	27006	7	1	0	4
29AB	23	28043	8	1	0	6
29AB	23	27041	7	1	0	6
29AB	23	26020	6	1	0	5
29AB	23	19086	9	1	0	0
29AB	23	17032	7	2	0	5
29AB	23	19038	9	1	0	0
29AB	23	-15054	5	2	0	6
29AB	23	27021	7	1	0	4
29AB	23	27058	7	1	0	3
29AB	23	-15025	5	1	0	3
29AB	23	28015	8	1	0	3
29AB	23	18052	8	1	0	3
29AB	23	29079	9	1	0	0
29AB	23	19043	9	3	0	0
29AB	23	19016	9	1	0	0
29AB	23	17068	7	1	0	6
29AB	23	25025	5	2	0	6
29AB	23	19040	9	1	0	0
29AB	23	-15069	5	1	0	6
29AB	23	29006	9	1	0	0
29AB	23	-16024	6	1	0	4
29AB	23	25002	5	1	0	4
29AB	23	28029	8	1	1	6
29AB	23	18014	8	1	1	6
29AB	23	19061	9	1	0	0
29AB	23	19058	9	1	0	0
29AB	23	-15062	5	1	0	5
29AB	23	-16042	6	1	1	4
29AB	23	29010	9	1	0	0
29AB	23	28053	8	1	0	6
30CW	24	29010	9	1	0	0
30CW	24	18026	8	2	1	6
30CW	24	19052	9	1	0	0
30CW	24	-16004	6	1	0	1
30CW	24	29029	9	1	0	0
30CW	24	-16049	6	2	1	6
30CW	24	26062	6	2	1	4
30CW	24	18064	8	2	1	6
30CW	24	26060	6	3	1	6
30CW	24	18047	8	2	1	6
30CW	24	28050	8	2	1	6
30CW	24	29036	9	1	0	0
30CW	24	25069	5	3	1	2
30CW	24	19069	9	1	0	0
30CW	24	17001	7	3	1	2
30CW	24	18069	8	2	0	1
30CW	24	29013	9	1	0	0
30CW	24	29012	9	3	0	0
30CW	24	18046	8	2	1	2
30CW	24	29017	9	1	0	0
30CW	24	17005	7	2	1	5
30CW	24	26024	6	2	0	1
30CW	24	26047	6	1	0	1
30CW	24	19081	9	1	0	0
30CW	24	-15039	5	3	1	6
30CW	24	27044	7	3	1	6
30CW	24	28064	8	2	1	6
30CW	24	-15055	5	3	1	4
30CW	24	27025	7	2	1	1
30CW	24	19078	9	1	0	0
30CW	24	-16021	6	3	1	6
30CW	24	25007	5	3	1	6
30CW	24	26012	6	3	1	6
30CW	24	17013	7	2	1	6
30CW	24	19084	9	1	0	0
30CW	24	29076	9	1	0	0
30CW	24	25052	5	3	0	2
30CW	24	17035	7	2	1	1
30CW	24	17032	7	2	1	4
30CW	24	17067	7	2	1	3
30CW	24	29066	9	1	0	0
30CW	24	29040	9	1	0	0
30CW	24	29024	9	1	0	0
30CW	24	19041	9	2	0	0
30CW	24	28068	8	2	1	5
30CW	24	29042	9	1	0	0
30CW	24	26056	6	3	1	6
30CW	24	25072	5	2	1	2
30CW	24	19048	9	1	0	0
30CW	24	28030	8	2	1	2
30CW	24	27039	7	2	0	2
30CW	24	25001	5	3	1	6
30CW	24	-15017	5	3	1	6
30CW	24	-15027	5	3	0	2
30CW	24	29063	9	1	0	0
30CW	24	29032	9	1	0	0
30CW	24	28046	8	2	1	6
30CW	24	-15009	5	3	1	5
30CW	24	17044	7	2	0	2
30CW	24	19047	9	1	0	0
30CW	24	27053	7	2	1	5
30CW	24	-16041	6	3	1	6
30CW	24	-16024	6	3	1	1
30CW	24	19044	9	1	0	0
30CW	24	19024	9	1	0	0
30CW	24	19066	9	2	0	0
30CW	24	25033	5	3	1	6
30CW	24	18061	8	2	0	1
30CW	24	19009	9	1	0	0
30CW	24	-15034	5	2	1	2
30CW	24	17057	7	2	1	6
30CW	24	26022	6	3	1	1
30CW	24	29020	9	1	0	0
30CW	24	27038	7	1	1	6
30CW	24	18051	8	1	1	6
30CW	24	26032	6	3	1	3
30CW	24	17059	7	1	1	6
30CW	24	29065	9	1	0	0
30CW	24	-15015	5	3	1	1
30CW	24	25028	5	3	1	2
30CW	24	29074	9	1	0	0
30CW	24	19036	9	1	0	0
30CW	24	28058	8	2	1	5
30CW	24	19035	9	3	0	0
30CW	24	17038	7	1	1	6
30CW	24	-16020	6	3	1	6
30CW	24	17053	7	2	1	6
30CW	24	25014	5	1	1	6
30CW	24	-16007	6	3	1	6
30CW	24	25019	5	2	0	1
30CW	24	28042	8	1	0	4
30CW	24	18066	8	2	1	6
30CW	24	28003	8	2	1	5
30CW	24	-16011	6	2	1	4
30CW	24	19087	9	2	0	0
30CW	24	28035	8	2	1	1
30CW	24	27016	7	3	1	6
30CW	24	29075	9	1	0	0
30CW	24	25005	5	3	0	2
30CW	24	25018	5	2	1	6
30CW	24	18029	8	3	1	6
30CW	24	19029	9	1	0	0
30CW	24	27010	7	1	1	5
30CW	24	29080	9	2	0	0
30CW	24	19026	9	1	0	0
30CW	24	19072	9	1	0	0
30CW	24	-16071	6	1	1	4
30CW	24	26065	6	3	1	6
34JM	25	29053	9	1	0	0
34JM	25	-16037	6	3	0	6
34JM	25	19055	9	1	0	0
34JM	25	-16024	6	3	1	6
34JM	25	29081	9	2	0	0
34JM	25	-15056	5	3	1	4
34JM	25	18020	8	3	1	6
34JM	25	25052	5	3	1	4
34JM	25	29090	9	2	0	0
34JM	25	17035	7	2	0	6
34JM	25	18058	8	2	1	6
34JM	25	28058	8	2	0	1
34JM	25	-15005	5	3	1	4
34JM	25	19044	9	1	0	0
34JM	25	26048	6	3	0	6
34JM	25	27040	7	2	0	5
34JM	25	-15031	5	3	1	6
34JM	25	26009	6	1	1	5
34JM	25	27013	7	2	1	6
34JM	25	28036	8	3	0	4
34JM	25	26054	6	2	1	4
34JM	25	-15052	5	3	0	6
34JM	25	29022	9	2	0	0
34JM	25	29033	9	1	0	0
34JM	25	27068	7	3	0	4
34JM	25	28020	8	3	0	6
34JM	25	19028	9	2	0	0
34JM	25	27004	7	1	0	6
34JM	25	29082	9	1	0	0
34JM	25	-15004	5	3	0	5
34JM	25	19079	9	1	0	0
34JM	25	-16042	6	3	0	4
34JM	25	29060	9	1	0	0
34JM	25	17060	7	2	0	6
34JM	25	18007	8	2	0	1
34JM	25	29030	9	3	0	0
34JM	25	19024	9	2	0	0
34JM	25	29040	9	1	0	0
34JM	25	-15053	5	3	1	6
34JM	25	-16048	6	3	0	5
34JM	25	18012	8	2	0	1
34JM	25	25045	5	3	0	4
34JM	25	-15071	5	3	0	5
34JM	25	29036	9	1	0	0
34JM	25	28021	8	2	1	5
34JM	25	-16044	6	2	0	6
34JM	25	29007	9	1	0	0
34JM	25	26024	6	1	0	4
34JM	25	17033	7	1	0	6
34JM	25	27042	7	2	1	2
34JM	25	29035	9	2	0	0
34JM	25	27071	7	1	1	4
34JM	25	29011	9	1	0	0
34JM	25	18028	8	3	0	5
34JM	25	19089	9	1	0	0
34JM	25	27062	7	2	0	3
34JM	25	27064	7	2	0	6
34JM	25	-15065	5	3	0	4
34JM	25	27025	7	2	0	6
34JM	25	29066	9	1	0	0
34JM	25	17046	7	2	0	6
34JM	25	-15040	5	2	0	5
34JM	25	28056	8	1	1	6
34JM	25	-15068	5	3	1	5
34JM	25	27006	7	2	1	6
34JM	25	19090	9	1	0	0
34JM	25	-16061	6	3	1	3
34JM	25	28059	8	3	0	4
34JM	25	28015	8	3	1	3
34JM	25	-16018	6	3	1	4
34JM	25	18015	8	1	0	4
34JM	25	-15010	5	3	1	6
34JM	25	-16070	6	3	0	5
34JM	25	27065	7	3	0	4
34JM	25	-16014	6	3	0	6
34JM	25	19071	9	0	0	0
34JM	25	19029	9	0	0	0
34JM	25	17050	7	2	0	6
34JM	25	19037	9	3	0	0
34JM	25	28029	8	1	0	5
34JM	25	28011	8	1	0	5
34JM	25	18030	8	2	1	6
34JM	25	19053	9	1	0	0
34JM	25	19026	9	1	0	0
34JM	25	19005	9	1	0	0
34JM	25	25002	5	3	0	3
34JM	25	26028	6	3	0	3
34JM	25	28007	8	3	1	6
34JM	25	19039	9	1	0	0
34JM	25	17063	7	2	0	6
34JM	25	18001	8	3	1	6
34JM	25	26032	6	3	0	6
34JM	25	26018	6	1	1	6
34JM	25	25044	5	3	0	5
34JM	25	27038	7	1	0	4
34JM	25	25033	5	1	0	6
34JM	25	19061	9	1	0	0
34JM	25	-15022	5	3	0	5
34JM	25	19018	9	1	0	0
34JM	25	29008	9	1	0	0
34JM	25	26049	6	3	0	3
34JM	25	19076	9	1	0	0
34JM	25	29083	9	1	0	0
34JM	25	25070	5	2	0	6
34JM	25	19063	9	1	0	0
34JM	25	29050	9	2	0	0
34JM	25	29077	9	1	0	0
34JM	25	-16025	6	3	1	6
36NT	26	19078	9	1	0	0
36NT	26	-16013	6	3	1	6
36NT	26	28025	8	2	1	6
36NT	26	25003	5	3	1	2
36NT	26	25059	5	3	1	4
36NT	26	-15011	5	3	1	4
36NT	26	28044	8	3	1	2
36NT	26	-15037	5	2	0	4
36NT	26	25066	5	3	0	1
36NT	26	29041	9	1	0	0
36NT	26	28055	8	3	0	6
36NT	26	27012	7	2	0	3
36NT	26	28015	8	2	1	2
36NT	26	26013	6	2	1	6
36NT	26	19080	9	1	0	0
36NT	26	28064	8	2	1	5
36NT	26	19045	9	2	0	0
36NT	26	18070	8	3	1	6
36NT	26	29012	9	3	0	0
36NT	26	19087	9	3	0	0
36NT	26	19043	9	2	0	0
36NT	26	27022	7	2	0	3
36NT	26	18009	8	2	1	2
36NT	26	-16058	6	3	1	4
36NT	26	26053	6	2	1	3
36NT	26	29070	9	1	0	0
36NT	26	27007	7	2	1	4
36NT	26	17005	7	2	1	4
36NT	26	-15022	5	3	1	3
36NT	26	19056	9	1	0	0
36NT	26	27052	7	2	1	4
36NT	26	26009	6	3	1	6
36NT	26	19059	9	2	0	0
36NT	26	28072	8	2	1	6
36NT	26	17007	7	3	0	3
36NT	26	29078	9	2	0	0
36NT	26	27027	7	1	1	5
36NT	26	25035	5	3	1	5
36NT	26	29023	9	1	0	0
36NT	26	19075	9	1	0	0
36NT	26	-16018	6	3	0	5
36NT	26	19084	9	1	0	0
36NT	26	-16024	6	3	0	4
36NT	26	29040	9	1	0	0
36NT	26	27070	7	1	1	6
36NT	26	-16056	6	3	1	6
36NT	26	29031	9	2	0	0
36NT	26	29071	9	1	0	0
36NT	26	-15068	5	3	1	5
36NT	26	25068	5	3	0	2
36NT	26	18046	8	3	1	6
36NT	26	27057	7	2	1	1
36NT	26	26037	6	3	1	6
36NT	26	19064	9	1	0	0
36NT	26	29013	9	1	0	0
36NT	26	-15064	5	3	0	3
36NT	26	18043	8	2	1	6
36NT	26	19065	9	1	0	0
36NT	26	28031	8	1	1	5
36NT	26	25050	5	3	1	6
36NT	26	17035	7	3	1	3
36NT	26	25046	5	3	1	1
36NT	26	17061	7	3	1	6
36NT	26	-16029	6	3	1	1
36NT	26	18026	8	3	0	2
36NT	26	-16059	6	2	0	5
36NT	26	19082	9	3	0	0
36NT	26	28042	8	3	0	2
36NT	26	19061	9	1	0	0
36NT	26	18015	8	2	1	1
36NT	26	26019	6	3	1	5
36NT	26	29030	9	1	0	0
36NT	26	-15053	5	3	1	4
36NT	26	29008	9	1	0	0
36NT	26	26061	6	2	1	5
36NT	26	29080	9	2	0	0
36NT	26	29027	9	1	0	0
36NT	26	17034	7	2	1	6
36NT	26	25017	5	3	1	2
36NT	26	19072	9	1	0	0
36NT	26	19014	9	1	0	0
36NT	26	28023	8	3	1	6
36NT	26	27001	7	3	0	5
36NT	26	29049	9	1	0	0
36NT	26	26033	6	3	1	6
36NT	26	-16072	6	3	1	6
36NT	26	-15051	5	3	1	3
36NT	26	19009	9	1	0	0
36NT	26	29005	9	1	0	0
36NT	26	19011	9	1	0	0
36NT	26	27048	7	3	0	3
36NT	26	27039	7	3	0	2
36NT	26	-16028	6	3	1	6
36NT	26	28006	8	2	1	6
36NT	26	-15019	5	3	1	6
36NT	26	26030	6	3	1	6
36NT	26	19049	9	1	0	0
36NT	26	17002	7	1	1	6
36NT	26	-15040	5	3	1	6
36NT	26	17066	7	3	0	4
36NT	26	17031	7	1	1	4
36NT	26	29026	9	1	0	0
36NT	26	-15049	5	1	0	2
36NT	26	-16042	6	2	1	2
36NT	26	29021	9	1	0	0
36NT	26	29017	9	3	0	0
36NT	26	18004	8	2	0	3
36NT	26	18047	8	2	1	5
37CJ	27	19089	9	1	0	0
37CJ	27	25058	5	1	0	2
37CJ	27	-16066	6	1	0	3
37CJ	27	25020	5	2	0	2
37CJ	27	19063	9	2	0	0
37CJ	27	26063	6	3	0	1
37CJ	27	25037	5	3	1	1
37CJ	27	18043	8	2	0	2
37CJ	27	-16041	6	3	1	2
37CJ	27	17047	7	1	0	2
37CJ	27	18029	8	2	0	5
37CJ	27	19003	9	1	0	0
37CJ	27	29079	9	1	0	0
37CJ	27	26004	6	3	0	1
37CJ	27	25015	5	2	0	1
37CJ	27	19034	9	2	0	0
37CJ	27	29035	9	1	0	0
37CJ	27	19080	9	1	0	0
37CJ	27	28024	8	2	1	3
37CJ	27	17050	7	2	0	3
37CJ	27	29030	9	1	0	0
37CJ	27	28022	8	2	0	1
37CJ	27	-16061	6	1	0	2
37CJ	27	17070	7	2	0	3
37CJ	27	29061	9	1	0	0
37CJ	27	25049	5	2	1	2
37CJ	27	-15028	5	2	0	1
37CJ	27	29033	9	1	0	0
37CJ	27	-16012	6	1	0	1
37CJ	27	18055	8	1	1	3
37CJ	27	19025	9	1	0	0
37CJ	27	26026	6	2	1	1
37CJ	27	29087	9	1	0	0
37CJ	27	26031	6	2	1	4
37CJ	27	29049	9	1	0	0
37CJ	27	19085	9	1	0	0
37CJ	27	-16015	6	3	1	2
37CJ	27	19033	9	1	0	0
37CJ	27	28041	8	2	0	3
37CJ	27	29026	9	1	0	0
37CJ	27	19086	9	3	0	0
37CJ	27	25066	5	3	1	5
37CJ	27	17046	7	3	1	3
37CJ	27	27013	7	1	1	3
37CJ	27	17001	7	3	0	2
37CJ	27	27053	7	1	0	3
37CJ	27	29073	9	1	0	0
37CJ	27	25011	5	1	1	4
37CJ	27	17035	7	3	0	1
37CJ	27	27052	7	1	0	2
37CJ	27	18024	8	1	0	4
37CJ	27	18013	8	1	0	2
37CJ	27	-15025	5	1	0	1
37CJ	27	28029	8	1	1	1
37CJ	27	29081	9	0	0	0
37CJ	27	25067	5	3	0	2
37CJ	27	27047	7	1	0	1
37CJ	27	29084	9	1	0	0
37CJ	27	18064	8	2	1	2
37CJ	27	26046	6	3	0	2
37CJ	27	-15022	5	1	0	1
37CJ	27	28006	8	1	1	2
37CJ	27	19004	9	2	0	0
37CJ	27	28069	8	1	1	2
37CJ	27	26009	6	3	0	3
37CJ	27	29042	9	1	0	0
37CJ	27	19011	9	1	0	0
37CJ	27	29020	9	1	0	0
37CJ	27	26055	6	2	0	1
37CJ	27	19043	9	3	0	0
37CJ	27	25060	5	2	1	1
37CJ	27	17060	7	2	0	1
37CJ	27	-16005	6	3	1	2
37CJ	27	-15031	5	2	0	2
37CJ	27	17007	7	1	1	2
37CJ	27	-15072	5	2	0	2
37CJ	27	27033	7	1	0	2
37CJ	27	29041	9	2	0	0
37CJ	27	19005	9	1	0	0
37CJ	27	-15020	5	2	0	3
37CJ	27	-15018	5	3	0	4
37CJ	27	-15037	5	1	1	5
37CJ	27	28071	8	1	0	3
37CJ	27	29055	9	1	0	0
37CJ	27	-16053	6	0	1	1
37CJ	27	29044	9	1	0	0
37CJ	27	19047	9	1	0	0
37CJ	27	19051	9	1	0	0
37CJ	27	-16034	6	3	0	2
37CJ	27	26062	6	2	0	2
37CJ	27	27028	7	3	0	1
37CJ	27	29034	9	1	0	0
37CJ	27	-15039	5	1	0	2
37CJ	27	18058	8	3	0	4
37CJ	27	19057	9	2	0	0
37CJ	27	17003	7	0	1	1
37CJ	27	27043	7	1	0	2
37CJ	27	28035	8	3	0	2
37CJ	27	29003	9	1	0	0
37CJ	27	19059	9	1	0	0
37CJ	27	19060	9	1	0	0
37CJ	27	18067	8	1	0	1
37CJ	27	27018	7	3	0	2
37CJ	27	27040	7	3	0	1
37CJ	27	26007	6	1	0	2
37CJ	27	-16051	6	3	0	1
37CJ	27	18009	8	2	0	3
37CJ	27	28001	8	1	1	3
38TW	28	29015	9	1	0	0
38TW	28	25036	5	2	1	6
38TW	28	17063	7	1	0	5
38TW	28	19018	9	1	0	0
38TW	28	29078	9	2	0	0
38TW	28	29025	9	1	0	0
38TW	28	27033	7	1	0	3
38TW	28	28064	8	2	1	5
38TW	28	19010	9	1	0	0
38TW	28	19022	9	1	0	0
38TW	28	25026	5	1	0	1
38TW	28	28014	8	2	1	6
38TW	28	-15018	5	3	1	6
38TW	28	19003	9	1	0	0
38TW	28	-15042	5	2	1	2
38TW	28	18038	8	2	0	3
38TW	28	18057	8	3	0	1
38TW	28	29018	9	2	0	0
38TW	28	17051	7	3	0	3
38TW	28	17068	7	1	1	3
38TW	28	19068	9	1	0	0
38TW	28	25024	5	3	0	6
38TW	28	29086	9	1	0	0
38TW	28	26054	6	1	0	1
38TW	28	26059	6	3	0	5
38TW	28	19071	9	1	0	0
38TW	28	27038	7	1	0	2
38TW	28	19005	9	1	0	0
38TW	28	19026	9	1	0	0
38TW	28	-16053	6	3	0	5
38TW	28	29059	9	1	0	0
38TW	28	18016	8	3	0	2
38TW	28	-16059	6	1	0	0
38TW	28	28045	8	2	0	6
38TW	28	29040	9	1	0	0
38TW	28	18012	8	1	0	5
38TW	28	26003	6	1	1	4
38TW	28	18021	8	1	0	2
38TW	28	29032	9	1	0	0
38TW	28	29074	9	1	0	0
38TW	28	17026	7	3	0	2
38TW	28	-15029	5	2	0	2
38TW	28	27027	7	1	0	2
38TW	28	26065	6	3	1	5
38TW	28	28041	8	2	0	1
38TW	28	-16035	6	3	0	5
38TW	28	-15024	5	2	0	4
38TW	28	27021	7	2	0	2
38TW	28	29048	9	1	0	0
38TW	28	-16044	6	2	0	6
38TW	28	17006	7	3	1	4
38TW	28	25011	5	3	1	3
38TW	28	-15047	5	3	0	2
38TW	28	26055	6	1	0	6
38TW	28	19041	9	1	0	0
38TW	28	25031	5	2	1	6
38TW	28	19045	9	1	0	0
38TW	28	29051	9	2	0	0
38TW	28	26030	6	3	1	1
38TW	28	17034	7	2	0	3
38TW	28	18008	8	1	0	5
38TW	28	27044	7	1	0	2
38TW	28	26049	6	3	0	4
38TW	28	27039	7	3	0	4
38TW	28	19016	9	1	0	0
38TW	28	19030	9	1	0	0
38TW	28	29038	9	1	0	0
38TW	28	18069	8	1	0	5
38TW	28	-16014	6	1	0	3
38TW	28	29039	9	1	0	0
38TW	28	-15032	5	1	1	5
38TW	28	18055	8	2	0	5
38TW	28	29011	9	1	0	0
38TW	28	28002	8	1	1	4
38TW	28	-15065	5	1	0	5
38TW	28	27019	7	3	0	6
38TW	28	28058	8	1	0	2
38TW	28	-15028	5	3	0	2
38TW	28	19019	9	1	0	0
38TW	28	-16020	6	1	0	2
38TW	28	-15072	5	1	1	5
38TW	28	17050	7	1	1	1
38TW	28	18046	8	3	1	6
38TW	28	19024	9	1	0	0
38TW	28	27052	7	1	0	5
38TW	28	29042	9	1	0	0
38TW	28	27016	7	2	1	6
38TW	28	29087	9	2	0	0
38TW	28	29017	9	1	0	0
38TW	28	29035	9	1	0	0
38TW	28	27072	7	2	0	1
38TW	28	28068	8	1	1	1
38TW	28	26069	6	1	0	4
38TW	28	26010	6	3	0	4
38TW	28	-15003	5	1	0	6
38TW	28	26017	6	1	1	2
38TW	28	19043	9	1	0	0
38TW	28	19065	9	1	0	0
38TW	28	25008	5	3	0	6
38TW	28	19081	9	1	0	0
38TW	28	27047	7	1	0	0
38TW	28	26006	6	1	0	2
38TW	28	18040	8	1	0	5
38TW	28	18061	8	2	0	1
38TW	28	-16010	6	3	0	4
38TW	28	19032	9	1	0	0
38TW	28	25062	5	3	0	5
38TW	28	-15002	5	1	1	4
39PR	29	19067	9	1	0	0
39PR	29	29077	9	1	0	0
39PR	29	28047	8	2	0	5
39PR	29	29009	9	1	0	0
39PR	29	27003	7	3	0	5
39PR	29	-15006	5	2	0	4
39PR	29	29074	9	2	0	0
39PR	29	-16051	6	3	0	4
39PR	29	28050	8	2	1	5
39PR	29	-16060	6	1	0	5
39PR	29	29020	9	1	0	0
39PR	29	-16056	6	3	0	4
39PR	29	26042	6	2	0	4
39PR	29	19071	9	2	0	0
39PR	29	28021	8	2	1	4
39PR	29	27032	7	2	0	4
39PR	29	19056	9	1	0	0
39PR	29	-15042	5	3	0	3
39PR	29	26065	6	1	1	4
39PR	29	-15069	5	3	0	3
39PR	29	18009	8	2	0	4
39PR	29	28020	8	1	0	3
39PR	29	25024	5	3	0	4
39PR	29	17013	7	3	0	3
39PR	29	19036	9	2	0	0
39PR	29	-16038	6	2	1	3
39PR	29	25027	5	1	1	6
39PR	29	27064	7	3	0	5
39PR	29	27069	7	2	0	4
39PR	29	19083	9	1	0	0
39PR	29	28017	8	1	1	5
39PR	29	17035	7	2	0	4
39PR	29	25037	5	2	0	5
39PR	29	29070	9	2	0	0
39PR	29	-16062	6	2	1	6
39PR	29	17050	7	2	1	5
39PR	29	29071	9	1	0	0
39PR	29	19002	9	1	0	0
39PR	29	29036	9	1	0	0
39PR	29	17012	7	1	0	4
39PR	29	-16065	6	3	0	4
39PR	29	-15057	5	2	0	4
39PR	29	19009	9	1	0	0
39PR	29	18003	8	1	0	3
39PR	29	29039	9	1	0	0
39PR	29	25061	5	2	0	3
39PR	29	25008	5	1	1	3
39PR	29	29065	9	1	0	0
39PR	29	28015	8	2	1	4
39PR	29	19017	9	1	0	0
39PR	29	26052	6	3	1	4
39PR	29	19042	9	2	0	0
39PR	29	27053	7	1	0	4
39PR	29	28045	8	3	0	4
39PR	29	19084	9	1	0	0
39PR	29	29049	9	1	0	0
39PR	29	-15053	5	3	0	4
39PR	29	28033	8	2	0	5
39PR	29	26039	6	1	0	4
39PR	29	29084	9	1	0	0
39PR	29	17071	7	2	0	2
39PR	29	26006	6	1	0	5
39PR	29	-15023	5	1	0	4
39PR	29	17019	7	3	1	5
39PR	29	19053	9	1	0	0
39PR	29	19008	9	2	0	0
39PR	29	29083	9	1	0	0
39PR	29	-15007	5	2	1	5
39PR	29	17044	7	2	0	4
39PR	29	27011	7	3	1	4
39PR	29	18016	8	2	1	5
39PR	29	25002	5	1	0	4
39PR	29	27013	7	1	0	4
39PR	29	-16021	6	3	1	4
39PR	29	28068	8	3	0	5
39PR	29	19019	9	1	0	0
39PR	29	-16045	6	3	0	2
39PR	29	29048	9	1	0	0
39PR	29	-16067	6	2	1	4
39PR	29	25030	5	1	0	3
39PR	29	19024	9	1	0	0
39PR	29	18048	8	2	0	4
39PR	29	19039	9	1	0	0
39PR	29	29089	9	1	0	0
39PR	29	-15001	5	3	0	4
39PR	29	26072	6	3	0	4
39PR	29	27056	7	2	0	5
39PR	29	27057	7	2	0	3
39PR	29	18027	8	3	0	5
39PR	29	18031	8	2	0	4
39PR	29	-16026	6	3	1	4
39PR	29	29060	9	1	0	0
39PR	29	17017	7	2	1	4
39PR	29	28044	8	2	1	6
39PR	29	18030	8	3	0	5
39PR	29	-15033	5	3	1	5
39PR	29	19076	9	3	0	0
39PR	29	25010	5	1	1	4
39PR	29	25035	5	3	0	5
39PR	29	26025	6	3	0	3
39PR	29	29081	9	2	0	0
39PR	29	19004	9	1	0	0
39PR	29	29079	9	2	0	0
39PR	29	-16063	6	3	0	5
39PR	29	17040	7	3	1	5
39PR	29	28060	8	3	0	4
39PR	29	29075	9	1	0	0
39PR	29	19068	9	1	0	0
41MG	30	19077	9	1	0	0
41MG	30	28043	8	3	0	5
41MG	30	29050	9	1	0	0
41MG	30	25051	5	3	1	3
41MG	30	17055	7	2	1	2
41MG	30	25023	5	3	0	5
41MG	30	29037	9	2	0	0
41MG	30	19019	9	2	0	0
41MG	30	18067	8	3	0	6
41MG	30	27070	7	2	0	5
41MG	30	27007	7	2	0	6
41MG	30	18045	8	1	0	3
41MG	30	19029	9	1	0	0
41MG	30	29034	9	2	0	0
41MG	30	26002	6	3	0	3
41MG	30	26016	6	3	0	2
41MG	30	17051	7	2	1	5
41MG	30	19009	9	1	0	0
41MG	30	29033	9	1	0	0
41MG	30	19085	9	2	0	0
41MG	30	29039	9	1	0	0
41MG	30	28059	8	2	0	3
41MG	30	-16071	6	3	0	2
41MG	30	25010	5	3	0	5
41MG	30	26057	6	3	0	2
41MG	30	27046	7	2	1	6
41MG	30	27033	7	3	1	4
41MG	30	17057	7	2	1	4
41MG	30	19026	9	1	0	0
41MG	30	19002	9	1	0	0
41MG	30	18029	8	3	0	6
41MG	30	19028	9	2	0	0
41MG	30	-15047	5	3	0	6
41MG	30	-16060	6	2	1	4
41MG	30	28017	8	2	1	3
41MG	30	25005	5	3	0	5
41MG	30	19060	9	1	0	0
41MG	30	26014	6	2	0	5
41MG	30	29031	9	2	0	0
41MG	30	27040	7	3	0	2
41MG	30	-16010	6	3	0	2
41MG	30	-15070	5	1	0	2
41MG	30	18038	8	2	1	6
41MG	30	25042	5	1	0	6
41MG	30	26022	6	3	1	2
41MG	30	19047	9	3	0	0
41MG	30	-15043	5	2	1	6
41MG	30	17001	7	3	0	5
41MG	30	25027	5	3	0	6
41MG	30	18017	8	3	0	6
41MG	30	29079	9	1	0	0
41MG	30	29047	9	1	0	0
41MG	30	18031	8	2	1	5
41MG	30	26031	6	3	1	3
41MG	30	29003	9	3	0	0
41MG	30	25067	5	3	0	6
41MG	30	29058	9	1	0	0
41MG	30	18008	8	2	0	6
41MG	30	26048	6	2	1	3
41MG	30	29090	9	2	0	0
41MG	30	26064	6	3	0	5
41MG	30	18015	8	3	0	2
41MG	30	19087	9	3	0	0
41MG	30	-16021	6	3	1	6
41MG	30	26056	6	3	1	6
41MG	30	-15064	5	2	0	4
41MG	30	19045	9	2	0	0
41MG	30	26012	6	3	0	3
41MG	30	29062	9	3	0	0
41MG	30	29032	9	3	0	0
41MG	30	27061	7	2	0	6
41MG	30	-15013	5	3	1	6
41MG	30	28003	8	3	0	6
41MG	30	17040	7	3	0	3
41MG	30	-15042	5	2	1	6
41MG	30	-15061	5	3	1	3
41MG	30	-15026	5	1	1	2
41MG	30	17019	7	3	0	3
41MG	30	29020	9	3	0	0
41MG	30	29076	9	1	0	0
41MG	30	28020	8	3	1	2
41MG	30	19054	9	1	0	0
41MG	30	19012	9	1	0	0
41MG	30	19078	9	1	0	0
41MG	30	-16011	6	3	1	3
41MG	30	29017	9	2	0	0
41MG	30	25025	5	3	0	4
41MG	30	17006	7	2	1	6
41MG	30	27049	7	3	0	4
41MG	30	19001	9	2	0	0
41MG	30	-15023	5	2	0	2
41MG	30	25071	5	1	1	6
41MG	30	18004	8	3	0	3
41MG	30	29015	9	1	0	0
41MG	30	19034	9	1	0	0
41MG	30	28066	8	3	1	2
41MG	30	-16035	6	3	0	5
41MG	30	29059	9	1	0	0
41MG	30	18065	8	2	0	1
41MG	30	19004	9	3	0	0
41MG	30	18054	8	2	1	5
41MG	30	28037	8	1	0	6
41MG	30	27053	7	1	0	1
41MG	30	26035	6	3	1	3
41MG	30	-16033	6	3	0	3
41MG	30	27029	7	1	0	6
41MG	30	17050	7	2	0	2
41MG	30	17028	7	3	0	6
43JS	31	19062	9	1	0	0
43JS	31	19025	9	1	0	0
43JS	31	29082	9	1	0	0
43JS	31	25049	5	1	0	5
43JS	31	26071	6	2	0	4
43JS	31	29041	9	1	0	0
43JS	31	18018	8	3	0	4
43JS	31	25064	5	3	0	1
43JS	31	17029	7	2	1	1
43JS	31	-16068	6	3	0	5
43JS	31	-16026	6	3	0	4
43JS	31	18060	8	3	1	3
43JS	31	18056	8	2	1	4
43JS	31	25013	5	3	0	4
43JS	31	19057	9	1	0	0
43JS	31	29026	9	2	0	0
43JS	31	17069	7	3	0	4
43JS	31	17003	7	1	1	4
43JS	31	19063	9	1	0	0
43JS	31	28023	8	3	0	6
43JS	31	-15052	5	3	1	6
43JS	31	28033	8	2	1	6
43JS	31	29034	9	1	0	0
43JS	31	28039	8	1	1	5
43JS	31	26018	6	3	1	2
43JS	31	-16062	6	1	0	5
43JS	31	29036	9	1	0	0
43JS	31	25041	5	1	0	5
43JS	31	29038	9	1	0	0
43JS	31	19030	9	1	0	0
43JS	31	26031	6	1	1	4
43JS	31	19050	9	2	0	0
43JS	31	-15023	5	2	0	1
43JS	31	27057	7	1	0	1
43JS	31	-15071	5	2	1	5
43JS	31	28048	8	1	0	5
43JS	31	27005	7	1	1	3
43JS	31	18002	8	2	0	1
43JS	31	-16049	6	2	1	5
43JS	31	17038	7	2	1	2
43JS	31	25067	5	3	0	5
43JS	31	29010	9	1	0	0
43JS	31	19032	9	2	0	0
43JS	31	27011	7	2	1	3
43JS	31	18020	8	3	1	4
43JS	31	17065	7	3	0	4
43JS	31	19068	9	3	0	0
43JS	31	26001	6	3	1	2
43JS	31	25037	5	1	1	4
43JS	31	27065	7	1	0	2
43JS	31	29067	9	1	0	0
43JS	31	19047	9	2	0	0
43JS	31	29090	9	2	0	0
43JS	31	-16009	6	3	0	3
43JS	31	19060	9	1	0	0
43JS	31	29042	9	1	0	0
43JS	31	26026	6	1	1	4
43JS	31	28022	8	2	1	6
43JS	31	-15034	5	2	0	4
43JS	31	29066	9	1	0	0
43JS	31	-15039	5	1	1	6
43JS	31	-16032	6	2	0	2
43JS	31	19024	9	2	0	0
43JS	31	18044	8	2	1	5
43JS	31	25004	5	1	0	3
43JS	31	-16063	6	1	0	4
43JS	31	-15046	5	3	0	5
43JS	31	19090	9	1	0	0
43JS	31	19006	9	1	0	0
43JS	31	26070	6	1	0	3
43JS	31	25028	5	3	1	5
43JS	31	19016	9	1	0	0
43JS	31	26059	6	1	0	2
43JS	31	17028	7	1	1	4
43JS	31	27010	7	1	0	2
43JS	31	-15014	5	3	1	6
43JS	31	-16022	6	3	0	5
43JS	31	17007	7	2	1	1
43JS	31	18042	8	2	1	1
43JS	31	27054	7	1	0	3
43JS	31	28029	8	1	1	4
43JS	31	19035	9	2	0	0
43JS	31	27045	7	2	1	5
43JS	31	29060	9	1	0	0
43JS	31	-15058	5	3	1	4
43JS	31	29007	9	1	0	0
43JS	31	29089	9	2	0	0
43JS	31	-15036	5	3	1	2
43JS	31	27061	7	3	1	5
43JS	31	29063	9	2	0	0
43JS	31	29057	9	3	0	0
43JS	31	18047	8	2	0	4
43JS	31	19081	9	1	0	0
43JS	31	29071	9	1	0	0
43JS	31	19044	9	1	0	0
43JS	31	29033	9	1	0	0
43JS	31	-16053	6	3	0	5
43JS	31	28035	8	1	1	2
43JS	31	28052	8	1	0	4
43JS	31	19023	9	1	0	0
43JS	31	26044	6	3	0	6
43JS	31	28056	8	3	1	1
43JS	31	17005	7	3	1	5
43JS	31	26019	6	3	1	4
43JS	31	17016	7	1	0	2
43JS	31	18012	8	1	0	3
43JS	31	27008	7	2	1	4
43JS	31	25015	5	3	0	5
44AA	32	29045	9	1	0	0
44AA	32	19035	9	1	0	0
44AA	32	27064	7	1	1	2
44AA	32	-16004	6	1	0	1
44AA	32	18065	8	2	0	1
44AA	32	17020	7	3	0	1
44AA	32	26051	6	2	0	3
44AA	32	29068	9	1	0	0
44AA	32	18009	8	3	0	3
44AA	32	27047	7	3	0	1
44AA	32	29034	9	1	0	0
44AA	32	26018	6	3	1	4
44AA	32	-15027	5	3	0	2
44AA	32	19027	9	1	0	0
44AA	32	26012	6	3	1	2
44AA	32	29052	9	1	0	0
44AA	32	26022	6	3	0	1
44AA	32	18055	8	2	0	2
44AA	32	27001	7	3	1	2
44AA	32	-15041	5	3	0	1
44AA	32	18007	8	1	1	1
44AA	32	29078	9	1	0	0
44AA	32	17060	7	1	1	1
44AA	32	29007	9	1	0	0
44AA	32	29056	9	1	0	0
44AA	32	19016	9	1	0	0
44AA	32	25061	5	3	0	2
44AA	32	25008	5	1	0	2
44AA	32	-15046	5	3	1	3
44AA	32	28019	8	3	0	1
44AA	32	27033	7	3	1	2
44AA	32	19076	9	2	0	0
44AA	32	28023	8	1	0	1
44AA	32	-15057	5	1	0	2
44AA	32	19051	9	1	0	0
44AA	32	25069	5	3	1	2
44AA	32	-15026	5	2	0	1
44AA	32	27010	7	2	1	1
44AA	32	26056	6	3	1	1
44AA	32	26045	6	3	1	2
44AA	32	29027	9	1	0	0
44AA	32	19072	9	1	0	0
44AA	32	18014	8	3	0	2
44AA	32	27004	7	2	0	2
44AA	32	26035	6	3	1	1
44AA	32	27066	7	3	0	1
44AA	32	19003	9	1	0	0
44AA	32	26059	6	1	0	3
44AA	32	18048	8	3	1	1
44AA	32	19083	9	1	0	0
44AA	32	29014	9	1	0	0
44AA	32	28013	8	2	1	2
44AA	32	-15038	5	1	0	4
44AA	32	29084	9	1	0	0
44AA	32	29051	9	1	0	0
44AA	32	19057	9	2	0	0
44AA	32	-16051	6	2	0	1
44AA	32	29087	9	1	0	0
44AA	32	18053	8	2	0	1
44AA	32	27068	7	2	1	6
44AA	32	26006	6	2	0	1
44AA	32	19058	9	2	0	0
44AA	32	19055	9	1	0	0
44AA	32	26057	6	1	0	3
44AA	32	18005	8	2	1	3
44AA	32	19068	9	2	0	0
44AA	32	26030	6	3	1	1
44AA	32	18062	8	2	0	1
44AA	32	29030	9	1	0	0
44AA	32	-16064	6	3	0	3
44AA	32	17033	7	3	0	1
44AA	32	27027	7	1	1	1
44AA	32	25054	5	3	1	3
44AA	32	25050	5	3	1	1
44AA	32	-15068	5	3	1	2
44AA	32	27041	7	2	0	1
44AA	32	18017	8	2	0	1
44AA	32	19082	9	1	0	0
44AA	32	19040	9	1	0	0
44AA	32	26072	6	1	1	4
44AA	32	17011	7	3	1	1
44AA	32	19064	9	1	0	0
44AA	32	18069	8	2	0	3
44AA	32	26026	6	1	1	4
44AA	32	-16039	6	2	0	2
44AA	32	26031	6	3	1	3
44AA	32	-15016	5	2	0	1
44AA	32	29038	9	1	0	0
44AA	32	27015	7	1	0	2
44AA	32	-15072	5	3	0	2
44AA	32	18044	8	2	0	2
44AA	32	17031	7	2	1	5
44AA	32	29088	9	1	0	0
44AA	32	29031	9	1	0	0
44AA	32	18021	8	1	1	2
44AA	32	19078	9	1	0	0
44AA	32	25037	5	1	0	2
44AA	32	27044	7	1	0	4
44AA	32	19086	9	2	0	0
44AA	32	-15049	5	1	0	1
44AA	32	29019	9	1	0	0
44AA	32	18024	8	1	1	1
44AA	32	19069	9	2	0	0
44AA	32	28039	8	3	0	2
44AA	32	17036	7	1	0	1
44AA	32	-15002	5	3	0	3
44AA	32	-15029	5	3	0	1
44AA	32	29061	9	1	0	0
45EF	33	19076	9	2	0	0
45EF	33	18053	8	1	1	5
45EF	33	19053	9	1	0	0
45EF	33	18030	8	2	0	6
45EF	33	18065	8	2	0	4
45EF	33	18044	8	2	1	4
45EF	33	26071	6	1	1	6
45EF	33	29050	9	1	0	0
45EF	33	29077	9	2	0	0
45EF	33	17020	7	3	1	6
45EF	33	29007	9	1	0	0
45EF	33	25012	5	2	1	6
45EF	33	-15025	5	3	1	3
45EF	33	27066	7	2	0	4
45EF	33	26025	6	3	0	4
45EF	33	28055	8	1	0	1
45EF	33	27013	7	2	1	4
45EF	33	17059	7	2	0	0
45EF	33	18032	8	1	1	6
45EF	33	19078	9	1	0	0
45EF	33	25049	5	1	1	6
45EF	33	17068	7	2	0	6
45EF	33	25060	5	1	1	4
45EF	33	18041	8	2	0	6
45EF	33	25042	5	3	1	5
45EF	33	26004	6	3	1	4
45EF	33	17007	7	1	0	5
45EF	33	19049	9	1	0	0
45EF	33	27008	7	1	1	6
45EF	33	19012	9	1	0	0
45EF	33	28032	8	2	1	6
45EF	33	-16069	6	3	1	5
45EF	33	19072	9	1	0	0
45EF	33	19055	9	2	0	0
45EF	33	-15045	5	3	1	6
45EF	33	19036	9	1	0	0
45EF	33	26022	6	3	1	4
45EF	33	-16009	6	3	0	6
45EF	33	19015	9	1	0	0
45EF	33	29024	9	1	0	0
45EF	33	-15036	5	3	1	6
45EF	33	29009	9	2	0	0
45EF	33	25052	5	1	1	5
45EF	33	-15037	5	1	0	6
45EF	33	29026	9	1	0	0
45EF	33	26015	6	3	1	3
45EF	33	19032	9	1	0	0
45EF	33	29068	9	1	0	0
45EF	33	26005	6	3	1	6
45EF	33	-16052	6	1	1	4
45EF	33	27009	7	1	1	6
45EF	33	29089	9	1	0	0
45EF	33	18014	8	1	0	6
45EF	33	17071	7	1	1	6
45EF	33	19037	9	2	0	0
45EF	33	17064	7	1	0	5
45EF	33	28038	8	1	0	5
45EF	33	27062	7	2	1	3
45EF	33	29070	9	1	0	0
45EF	33	29010	9	1	0	0
45EF	33	26063	6	3	1	6
45EF	33	18048	8	2	0	4
45EF	33	29028	9	1	0	0
45EF	33	28033	8	1	1	4
45EF	33	27069	7	1	1	3
45EF	33	18039	8	2	1	5
45EF	33	19066	9	1	0	0
45EF	33	19006	9	1	0	0
45EF	33	18005	8	1	1	6
45EF	33	-15055	5	3	1	6
45EF	33	17021	7	1	1	5
45EF	33	19061	9	1	0	0
45EF	33	27028	7	2	1	6
45EF	33	28035	8	2	1	6
45EF	33	-16062	6	2	1	6
45EF	33	29080	9	1	0	0
45EF	33	29033	9	1	0	0
45EF	33	25068	5	1	1	5
45EF	33	28002	8	2	1	6
45EF	33	29019	9	1	0	0
45EF	33	19084	9	1	0	0
45EF	33	28017	8	2	1	1
45EF	33	-15001	5	2	0	4
45EF	33	17057	7	1	0	3
45EF	33	29040	9	1	0	0
45EF	33	27045	7	1	1	4
45EF	33	-15033	5	1	0	6
45EF	33	-15049	5	1	1	5
45EF	33	-16018	6	3	1	5
45EF	33	29063	9	1	0	0
45EF	33	19022	9	1	0	0
45EF	33	27019	7	1	1	5
45EF	33	17011	7	1	1	5
45EF	33	25030	5	3	1	6
45EF	33	26043	6	1	0	3
45EF	33	19064	9	1	0	0
45EF	33	-15004	5	1	0	0
45EF	33	18023	8	1	0	6
45EF	33	26039	6	1	0	5
45EF	33	26057	6	1	0	4
45EF	33	-16028	6	2	1	6
45EF	33	29049	9	1	0	0
45EF	33	19007	9	1	0	0
45EF	33	-16015	6	2	0	5
45EF	33	25054	5	3	0	4
45EF	33	25024	5	1	0	5
45EF	33	29053	9	1	0	0
45EF	33	26048	6	0	1	4
46VL	34	19016	9	1	0	0
46VL	34	18042	8	3	1	6
46VL	34	18017	8	2	1	6
46VL	34	17063	7	3	0	1
46VL	34	26015	6	3	1	1
46VL	34	19005	9	3	0	0
46VL	34	19032	9	1	0	0
46VL	34	17030	7	3	0	1
46VL	34	-15031	5	3	1	6
46VL	34	29010	9	1	0	0
46VL	34	-16019	6	3	1	6
46VL	34	29018	9	1	0	0
46VL	34	-16007	6	3	1	6
46VL	34	28032	8	1	1	6
46VL	34	25041	5	2	1	1
46VL	34	-16035	6	3	0	1
46VL	34	25024	5	3	1	4
46VL	34	25020	5	1	1	1
46VL	34	17047	7	3	1	1
46VL	34	29030	9	1	0	0
46VL	34	-15037	5	3	1	6
46VL	34	17025	7	1	1	6
46VL	34	29060	9	1	0	0
46VL	34	19042	9	1	0	0
46VL	34	19036	9	1	0	0
46VL	34	-15044	5	1	0	1
46VL	34	-15009	5	3	1	1
46VL	34	19007	9	1	0	0
46VL	34	27064	7	2	1	1
46VL	34	18065	8	3	1	1
46VL	34	27034	7	3	1	3
46VL	34	28011	8	3	1	3
46VL	34	25053	5	3	1	6
46VL	34	-16015	6	3	0	3
46VL	34	27040	7	1	0	1
46VL	34	26002	6	3	1	5
46VL	34	29002	9	1	0	0
46VL	34	17013	7	3	1	3
46VL	34	29043	9	1	0	0
46VL	34	18023	8	1	0	1
46VL	34	26010	6	1	1	1
46VL	34	-16058	6	3	1	4
46VL	34	28026	8	3	1	4
46VL	34	19039	9	1	0	0
46VL	34	25072	5	3	0	3
46VL	34	28061	8	1	1	3
46VL	34	19068	9	3	0	0
46VL	34	29080	9	3	0	0
46VL	34	-16046	6	3	1	6
46VL	34	18068	8	1	1	1
46VL	34	29090	9	1	0	0
46VL	34	27029	7	3	1	6
46VL	34	19045	9	1	0	0
46VL	34	19046	9	1	0	0
46VL	34	19028	9	1	0	0
46VL	34	17049	7	2	1	1
46VL	34	26018	6	3	0	1
46VL	34	29034	9	2	0	0
46VL	34	25059	5	3	1	6
46VL	34	28046	8	2	0	1
46VL	34	19003	9	1	0	0
46VL	34	19043	9	1	0	0
46VL	34	28068	8	3	1	3
46VL	34	17003	7	2	1	6
46VL	34	19056	9	1	0	0
46VL	34	-15002	5	3	1	1
46VL	34	29005	9	1	0	0
46VL	34	25027	5	3	1	3
46VL	34	28006	8	2	1	4
46VL	34	26070	6	3	0	1
46VL	34	27057	7	2	1	1
46VL	34	29026	9	1	0	0
46VL	34	18027	8	3	1	3
46VL	34	19038	9	1	0	0
46VL	34	29037	9	1	0	0
46VL	34	19012	9	1	0	0
46VL	34	-16053	6	3	1	3
46VL	34	29085	9	3	0	0
46VL	34	17033	7	3	1	6
46VL	34	28004	8	1	1	1
46VL	34	19055	9	1	0	0
46VL	34	-15072	5	1	1	3
46VL	34	29057	9	1	0	0
46VL	34	18061	8	1	1	6
46VL	34	19008	9	1	0	0
46VL	34	-15040	5	3	1	6
46VL	34	29056	9	1	0	0
46VL	34	-15012	5	3	1	1
46VL	34	29049	9	1	0	0
46VL	34	-16021	6	2	1	6
46VL	34	27007	7	1	1	6
46VL	34	27050	7	3	0	1
46VL	34	17060	7	1	1	1
46VL	34	17055	7	3	1	6
46VL	34	25014	5	3	0	1
46VL	34	25065	5	1	1	1
46VL	34	29003	9	1	0	0
46VL	34	-16070	6	3	0	1
46VL	34	26044	6	3	1	6
46VL	34	26055	6	1	1	6
46VL	34	28048	8	1	1	1
46VL	34	26022	6	3	1	1
46VL	34	18005	8	1	0	1
46VL	34	25036	5	3	0	1
46VL	34	27051	7	1	1	6
46VL	34	29029	9	2	0	0
46VL	34	28038	8	3	1	6
46VL	34	-16052	6	1	1	1
47NN	35	19090	9	1	0	0
47NN	35	-15053	5	3	0	3
47NN	35	19048	9	1	0	0
47NN	35	19004	9	2	0	0
47NN	35	18036	8	2	0	2
47NN	35	-15044	5	2	0	3
47NN	35	19023	9	1	0	0
47NN	35	17058	7	3	0	3
47NN	35	19025	9	1	0	0
47NN	35	29024	9	2	0	0
47NN	35	27021	7	2	0	3
47NN	35	19037	9	3	0	0
47NN	35	29016	9	1	0	0
47NN	35	29041	9	1	0	0
47NN	35	18052	8	3	0	2
47NN	35	27052	7	1	0	3
47NN	35	27055	7	3	1	3
47NN	35	-16042	6	3	1	6
47NN	35	26047	6	2	0	3
47NN	35	17011	7	2	1	1
47NN	35	18018	8	3	1	3
47NN	35	18010	8	3	1	4
47NN	35	25049	5	3	0	5
47NN	35	26031	6	2	0	1
47NN	35	-15048	5	3	0	2
47NN	35	18061	8	2	1	4
47NN	35	27018	7	2	0	2
47NN	35	-15069	5	3	1	6
47NN	35	-16037	6	2	0	4
47NN	35	29082	9	1	0	0
47NN	35	28043	8	2	0	3
47NN	35	29025	9	2	0	0
47NN	35	29034	9	2	0	0
47NN	35	-15001	5	3	1	3
47NN	35	29069	9	1	0	0
47NN	35	19051	9	3	0	0
47NN	35	18050	8	2	0	4
47NN	35	17028	7	3	1	5
47NN	35	-16023	6	2	0	1
47NN	35	17065	7	2	0	1
47NN	35	25054	5	2	1	3
47NN	35	29050	9	1	0	0
47NN	35	17072	7	1	0	2
47NN	35	25005	5	2	0	2
47NN	35	26010	6	3	1	6
47NN	35	26061	6	3	1	2
47NN	35	-16064	6	2	1	1
47NN	35	29081	9	1	0	0
47NN	35	19038	9	1	0	0
47NN	35	19035	9	3	0	0
47NN	35	26036	6	3	0	4
47NN	35	25019	5	1	0	1
47NN	35	28024	8	1	1	2
47NN	35	18033	8	3	0	3
47NN	35	19011	9	1	0	0
47NN	35	-16045	6	1	1	4
47NN	35	29065	9	1	0	0
47NN	35	28030	8	3	1	2
47NN	35	17005	7	2	1	6
47NN	35	25038	5	2	1	3
47NN	35	27002	7	2	0	3
47NN	35	-16020	6	3	0	3
47NN	35	29029	9	2	0	0
47NN	35	18030	8	2	1	6
47NN	35	25045	5	3	0	2
47NN	35	26040	6	3	0	2
47NN	35	28003	8	1	0	3
47NN	35	27067	7	2	0	3
47NN	35	25008	5	3	1	1
47NN	35	28059	8	2	0	4
47NN	35	19083	9	3	0	0
47NN	35	27072	7	2	1	4
47NN	35	28014	8	1	0	1
47NN	35	18059	8	2	0	3
47NN	35	28027	8	2	1	3
47NN	35	-15021	5	3	1	2
47NN	35	29068	9	1	0	0
47NN	35	-16007	6	3	1	3
47NN	35	26070	6	1	1	2
47NN	35	17013	7	2	0	3
47NN	35	25058	5	2	0	4
47NN	35	28034	8	2	0	1
47NN	35	29013	9	1	0	0
47NN	35	18055	8	1	0	2
47NN	35	-15026	5	1	0	2
47NN	35	19007	9	1	0	0
47NN	35	29043	9	1	0	0
47NN	35	-15068	5	2	1	3
47NN	35	19075	9	1	0	0
47NN	35	27012	7	2	0	2
47NN	35	26065	6	3	0	2
47NN	35	19042	9	2	0	0
47NN	35	-15040	5	3	1	6
47NN	35	19050	9	1	0	0
47NN	35	29045	9	1	0	0
47NN	35	26042	6	2	0	6
47NN	35	29090	9	2	0	0
47NN	35	27015	7	1	1	3
47NN	35	19003	9	2	0	0
47NN	35	19013	9	1	0	0
47NN	35	-16016	6	3	1	5
47NN	35	25063	5	3	1	5
47NN	35	29011	9	1	0	0
47NN	35	17004	7	1	1	3
47NN	35	26026	6	2	1	5
47NN	35	29076	9	1	0	0
47NN	35	19084	9	1	0	0
47NN	35	17031	7	2	1	2
48GH	36	19035	9	1	0	0
48GH	36	19029	9	1	0	0
48GH	36	17043	7	2	1	6
48GH	36	28041	8	3	1	6
48GH	36	-16051	6	3	1	6
48GH	36	29039	9	1	0	0
48GH	36	26002	6	3	1	6
48GH	36	28055	8	3	1	6
48GH	36	-15012	5	3	1	6
48GH	36	-16019	6	3	1	6
48GH	36	29034	9	1	0	0
48GH	36	18028	8	3	1	6
48GH	36	25003	5	3	1	6
48GH	36	27067	7	3	1	6
48GH	36	18034	8	2	1	6
48GH	36	25030	5	3	1	6
48GH	36	29063	9	1	0	0
48GH	36	17008	7	2	1	6
48GH	36	18047	8	2	1	6
48GH	36	26006	6	3	1	6
48GH	36	27023	7	2	1	6
48GH	36	18064	8	2	1	6
48GH	36	25016	5	1	1	6
48GH	36	27014	7	3	1	6
48GH	36	18056	8	2	1	4
48GH	36	29026	9	1	0	0
48GH	36	-15050	5	3	1	6
48GH	36	-16040	6	3	1	6
48GH	36	19034	9	1	0	0
48GH	36	29037	9	3	0	0
48GH	36	28048	8	1	1	5
48GH	36	26052	6	3	1	6
48GH	36	17004	7	3	1	6
48GH	36	29081	9	1	0	0
48GH	36	29075	9	1	0	0
48GH	36	19042	9	1	0	0
48GH	36	19016	9	1	0	0
48GH	36	26069	6	1	1	6
48GH	36	29079	9	1	0	0
48GH	36	19078	9	1	0	0
48GH	36	26062	6	3	1	6
48GH	36	29011	9	3	0	0
48GH	36	25009	5	3	0	1
48GH	36	17024	7	2	1	6
48GH	36	29038	9	1	0	0
48GH	36	-15059	5	3	0	4
48GH	36	25071	5	3	1	6
48GH	36	-15042	5	3	1	6
48GH	36	17013	7	2	1	6
48GH	36	26026	6	2	1	6
48GH	36	29061	9	1	0	0
48GH	36	27044	7	2	1	6
48GH	36	19049	9	1	0	0
48GH	36	28020	8	1	1	6
48GH	36	19054	9	1	0	0
48GH	36	18017	8	2	1	6
48GH	36	-15036	5	3	1	6
48GH	36	27031	7	2	1	6
48GH	36	28034	8	2	1	6
48GH	36	28035	8	2	1	6
48GH	36	29073	9	1	0	0
48GH	36	27058	7	2	1	6
48GH	36	19065	9	1	0	0
48GH	36	19076	9	1	0	0
48GH	36	18025	8	2	1	6
48GH	36	19015	9	1	0	0
48GH	36	19071	9	1	0	0
48GH	36	29027	9	1	0	0
48GH	36	26037	6	3	1	6
48GH	36	29040	9	1	0	0
48GH	36	-16069	6	2	1	6
48GH	36	27065	7	2	1	6
48GH	36	28049	8	2	1	6
48GH	36	-16053	6	2	1	6
48GH	36	25028	5	3	1	6
48GH	36	19088	9	1	0	0
48GH	36	-15032	5	2	1	6
48GH	36	-16001	6	3	1	6
48GH	36	17057	7	1	1	6
48GH	36	28008	8	2	1	6
48GH	36	29044	9	1	0	0
48GH	36	25064	5	3	1	4
48GH	36	19074	9	1	0	0
48GH	36	17010	7	1	1	6
48GH	36	26059	6	1	1	6
48GH	36	19072	9	1	0	0
48GH	36	29016	9	1	0	0
48GH	36	28053	8	1	1	6
48GH	36	25021	5	3	1	6
48GH	36	-15006	5	3	1	6
48GH	36	-16015	6	3	1	6
48GH	36	18067	8	3	1	6
48GH	36	-16021	6	3	1	6
48GH	36	17038	7	2	1	6
48GH	36	29080	9	2	0	0
48GH	36	17072	7	3	1	6
48GH	36	-16045	6	1	1	6
48GH	36	18066	8	3	1	6
48GH	36	29023	9	1	0	0
48GH	36	-15061	5	3	1	6
48GH	36	25011	5	2	1	6
48GH	36	27040	7	2	1	6
48GH	36	19022	9	1	0	0
48GH	36	19039	9	1	0	0
48GH	36	26018	6	1	1	6
48GH	36	17030	7	1	1	6
48GH	36	25045	5	1	1	3
48GH	36	19004	9	2	0	0
80JC	37	29016	9	1	0	0
80JC	37	-16046	6	3	1	3
80JC	37	18035	8	2	1	4
80JC	37	28069	8	1	0	3
80JC	37	29019	9	1	0	0
80JC	37	26024	6	3	1	3
80JC	37	26049	6	3	1	4
80JC	37	19001	9	1	0	0
80JC	37	19066	9	1	0	0
80JC	37	27067	7	3	1	6
80JC	37	27004	7	3	0	3
80JC	37	19035	9	2	0	0
80JC	37	25016	5	1	0	1
80JC	37	27033	7	1	1	4
80JC	37	-16012	6	3	0	4
80JC	37	-16026	6	3	1	4
80JC	37	28002	8	2	1	3
80JC	37	19060	9	1	0	0
80JC	37	17005	7	2	0	6
80JC	37	-16050	6	3	0	3
80JC	37	-15071	5	3	1	5
80JC	37	29057	9	2	0	0
80JC	37	25054	5	3	1	3
80JC	37	-15068	5	3	1	4
80JC	37	29024	9	1	0	0
80JC	37	18023	8	1	1	5
80JC	37	-15054	5	3	1	5
80JC	37	29044	9	1	0	0
80JC	37	27037	7	2	0	5
80JC	37	29059	9	2	0	0
80JC	37	19089	9	1	0	0
80JC	37	19045	9	2	0	0
80JC	37	25060	5	3	0	3
80JC	37	28036	8	3	1	2
80JC	37	18063	8	3	1	6
80JC	37	19039	9	1	0	0
80JC	37	27051	7	3	1	3
80JC	37	-15034	5	3	1	5
80JC	37	17066	7	3	0	2
80JC	37	18057	8	3	0	1
80JC	37	27009	7	3	1	3
80JC	37	29027	9	1	0	0
80JC	37	29082	9	1	0	0
80JC	37	-16016	6	3	0	5
80JC	37	17009	7	3	1	4
80JC	37	25027	5	3	1	6
80JC	37	29046	9	1	0	0
80JC	37	19059	9	1	0	0
80JC	37	28030	8	2	1	5
80JC	37	-16037	6	3	1	6
80JC	37	-16048	6	3	0	3
80JC	37	28012	8	3	0	5
80JC	37	29021	9	1	0	0
80JC	37	-15002	5	1	1	3
80JC	37	29037	9	1	0	0
80JC	37	-16014	6	3	0	3
80JC	37	17056	7	3	0	4
80JC	37	29032	9	2	0	0
80JC	37	17004	7	1	1	5
80JC	37	25066	5	3	0	3
80JC	37	26042	6	3	1	3
80JC	37	19033	9	1	0	0
80JC	37	-15051	5	3	1	4
80JC	37	18018	8	3	1	4
80JC	37	28006	8	3	0	3
80JC	37	27008	7	2	0	5
80JC	37	25020	5	3	0	1
80JC	37	19088	9	2	0	0
80JC	37	27043	7	3	0	3
80JC	37	28061	8	1	1	5
80JC	37	29014	9	2	0	0
80JC	37	-15070	5	3	1	3
80JC	37	29013	9	1	0	0
80JC	37	19036	9	1	0	0
80JC	37	19031	9	2	0	0
80JC	37	25018	5	1	0	5
80JC	37	25022	5	3	1	6
80JC	37	19044	9	3	0	0
80JC	37	29085	9	2	0	0
80JC	37	-15007	5	3	1	6
80JC	37	18029	8	3	1	6
80JC	37	18027	8	3	0	3
80JC	37	27072	7	2	0	3
80JC	37	19079	9	1	0	0
80JC	37	19020	9	1	0	0
80JC	37	17039	7	2	0	3
80JC	37	26031	6	3	1	3
80JC	37	28048	8	2	1	3
80JC	37	29089	9	1	0	0
80JC	37	19005	9	1	0	0
80JC	37	18031	8	1	0	3
80JC	37	26055	6	1	0	3
80JC	37	19054	9	1	0	0
80JC	37	26058	6	3	0	2
80JC	37	19083	9	1	0	0
80JC	37	27039	7	3	1	4
80JC	37	28013	8	3	0	2
80JC	37	-16062	6	3	1	5
80JC	37	28064	8	2	1	4
80JC	37	17042	7	2	0	5
80JC	37	-16019	6	3	1	3
80JC	37	26025	6	3	1	6
80JC	37	26046	6	3	0	2
80JC	37	17060	7	3	1	5
80JC	37	29001	9	2	0	0
80JC	37	-15044	5	2	1	3
80JC	37	-15021	5	3	1	6
80JC	37	29023	9	1	0	0
81AK	38	29024	9	1	0	0
81AK	38	29061	9	2	0	0
81AK	38	27033	7	2	1	6
81AK	38	18027	8	3	0	2
81AK	38	25047	5	1	0	3
81AK	38	17018	7	3	1	6
81AK	38	17011	7	1	1	6
81AK	38	-15065	5	3	1	6
81AK	38	19052	9	2	0	0
81AK	38	27069	7	2	1	1
81AK	38	18006	8	3	1	6
81AK	38	25057	5	3	1	4
81AK	38	25024	5	3	0	4
81AK	38	-16056	6	3	0	2
81AK	38	17003	7	3	1	3
81AK	38	29032	9	2	0	0
81AK	38	29080	9	3	0	0
81AK	38	29068	9	2	0	0
81AK	38	19045	9	1	0	0
81AK	38	17007	7	3	1	3
81AK	38	27014	7	1	0	5
81AK	38	25025	5	3	1	2
81AK	38	-16058	6	3	0	3
81AK	38	19036	9	1	0	0
81AK	38	-15032	5	3	1	4
81AK	38	25008	5	3	1	4
81AK	38	-16039	6	3	1	4
81AK	38	29067	9	1	0	0
81AK	38	19008	9	1	0	0
81AK	38	28044	8	3	1	6
81AK	38	-15068	5	1	1	5
81AK	38	19054	9	1	0	0
81AK	38	-16014	6	3	1	2
81AK	38	19037	9	3	0	0
81AK	38	29045	9	1	0	0
81AK	38	19078	9	1	0	0
81AK	38	-16071	6	3	0	1
81AK	38	17036	7	2	1	3
81AK	38	-16021	6	3	0	2
81AK	38	28051	8	1	1	3
81AK	38	18050	8	1	1	2
81AK	38	27022	7	2	0	3
81AK	38	29008	9	2	0	0
81AK	38	-15054	5	1	1	4
81AK	38	19089	9	2	0	0
81AK	38	26003	6	1	0	4
81AK	38	29090	9	2	0	0
81AK	38	26027	6	3	1	5
81AK	38	18019	8	3	0	2
81AK	38	19033	9	1	0	0
81AK	38	28039	8	1	1	3
81AK	38	28006	8	2	0	3
81AK	38	28001	8	2	0	2
81AK	38	-16044	6	1	0	3
81AK	38	19035	9	2	0	0
81AK	38	18047	8	1	0	4
81AK	38	26019	6	3	0	2
81AK	38	-15023	5	3	1	4
81AK	38	28016	8	2	1	3
81AK	38	19039	9	1	0	0
81AK	38	29063	9	1	0	0
81AK	38	27060	7	3	0	0
81AK	38	18026	8	2	1	1
81AK	38	17010	7	2	1	6
81AK	38	27018	7	2	1	5
81AK	38	26046	6	3	1	5
81AK	38	29034	9	1	0	0
81AK	38	19004	9	1	0	0
81AK	38	19064	9	1	0	0
81AK	38	25037	5	2	1	5
81AK	38	18051	8	2	1	4
81AK	38	25066	5	3	0	2
81AK	38	17060	7	2	1	4
81AK	38	26056	6	1	0	4
81AK	38	-16033	6	3	0	4
81AK	38	-15037	5	3	1	6
81AK	38	-15030	5	1	1	6
81AK	38	27030	7	3	1	6
81AK	38	28010	8	3	0	2
81AK	38	26054	6	2	1	3
81AK	38	-16015	6	3	1	1
81AK	38	28011	8	2	0	2
81AK	38	27071	7	0	0	2
81AK	38	29002	9	1	0	0
81AK	38	26067	6	3	1	6
81AK	38	19038	9	1	0	0
81AK	38	19067	9	1	0	0
81AK	38	29073	9	1	0	0
81AK	38	-16046	6	3	1	3
81AK	38	29085	9	2	0	0
81AK	38	29027	9	2	0	0
81AK	38	-16061	6	3	1	3
81AK	38	19020	9	2	0	0
81AK	38	19043	9	2	0	0
81AK	38	28049	8	2	1	2
81AK	38	25064	5	3	1	1
81AK	38	28031	8	2	1	6
81AK	38	-15041	5	3	1	5
81AK	38	29003	9	1	0	0
81AK	38	29059	9	2	0	0
81AK	38	-15070	5	3	1	5
81AK	38	-15063	5	3	1	6
81AK	38	27036	7	2	0	2
81AK	38	17001	7	2	1	5
81AK	38	28042	8	2	1	4
81AK	38	27061	7	1	1	4
81AK	38	19014	9	1	0	0
81AK	38	29040	9	1	0	0
82IC	39	19018	9	1	0	0
82IC	39	29052	9	1	0	0
82IC	39	27048	7	1	1	2
82IC	39	29040	9	1	0	0
82IC	39	-16038	6	1	1	6
82IC	39	28029	8	3	1	3
82IC	39	29080	9	2	0	0
82IC	39	29033	9	1	0	0
82IC	39	25065	5	3	0	4
82IC	39	25034	5	3	0	3
82IC	39	26003	6	1	0	5
82IC	39	28050	8	3	1	5
82IC	39	-15063	5	1	1	3
82IC	39	18067	8	3	1	4
82IC	39	19087	9	2	0	0
82IC	39	27022	7	2	1	5
82IC	39	-16044	6	1	1	2
82IC	39	29066	9	1	0	0
82IC	39	29061	9	1	0	0
82IC	39	-16023	6	1	1	1
82IC	39	-16047	6	3	0	3
82IC	39	26001	6	1	1	4
82IC	39	25052	5	3	0	4
82IC	39	28057	8	3	0	1
82IC	39	25038	5	2	0	2
82IC	39	27020	7	2	1	1
82IC	39	-15056	5	3	0	1
82IC	39	17014	7	2	0	4
82IC	39	27067	7	3	0	5
82IC	39	28031	8	3	0	3
82IC	39	28015	8	3	0	3
82IC	39	19064	9	2	0	0
82IC	39	28036	8	1	1	4
82IC	39	26017	6	3	1	3
82IC	39	27011	7	2	1	4
82IC	39	18003	8	1	0	1
82IC	39	19079	9	1	0	0
82IC	39	19048	9	1	0	0
82IC	39	19069	9	1	0	0
82IC	39	18046	8	3	1	6
82IC	39	17008	7	2	1	1
82IC	39	26010	6	3	0	2
82IC	39	25008	5	1	0	2
82IC	39	25070	5	1	0	2
82IC	39	27024	7	1	0	2
82IC	39	19020	9	1	0	0
82IC	39	29027	9	1	0	0
82IC	39	19006	9	1	0	0
82IC	39	-15071	5	3	1	3
82IC	39	29028	9	1	0	0
82IC	39	19054	9	1	0	0
82IC	39	19063	9	1	0	0
82IC	39	17025	7	2	1	1
82IC	39	-16049	6	3	1	5
82IC	39	29037	9	0	0	0
82IC	39	-16016	6	2	1	5
82IC	39	28060	8	3	1	5
82IC	39	29031	9	2	0	0
82IC	39	25061	5	2	0	2
82IC	39	27014	7	3	0	4
82IC	39	-15051	5	2	0	5
82IC	39	28072	8	1	1	3
82IC	39	-16041	6	2	0	2
82IC	39	17006	7	2	0	2
82IC	39	27027	7	2	0	4
82IC	39	19078	9	2	0	0
82IC	39	17010	7	3	1	4
82IC	39	26063	6	3	1	3
82IC	39	18066	8	1	0	1
82IC	39	27005	7	2	0	5
82IC	39	29053	9	2	0	0
82IC	39	25054	5	3	0	4
82IC	39	29006	9	2	0	0
82IC	39	17062	7	2	1	3
82IC	39	29046	9	1	0	0
82IC	39	29008	9	3	0	0
82IC	39	26044	6	2	1	6
82IC	39	29067	9	1	0	0
82IC	39	28040	8	2	1	1
82IC	39	29022	9	2	0	0
82IC	39	18022	8	3	1	6
82IC	39	19038	9	1	0	0
82IC	39	18017	8	2	1	6
82IC	39	17012	7	2	1	3
82IC	39	19053	9	1	0	0
82IC	39	26042	6	1	0	3
82IC	39	-15030	5	1	0	4
82IC	39	-16069	6	3	1	5
82IC	39	-16057	6	3	1	5
82IC	39	28025	8	3	1	3
82IC	39	26046	6	3	1	3
82IC	39	-15001	5	3	1	2
82IC	39	-15053	5	3	1	1
82IC	39	-15031	5	1	1	1
82IC	39	29058	9	1	0	0
82IC	39	19011	9	2	0	0
82IC	39	29049	9	2	0	0
82IC	39	27056	7	1	0	5
82IC	39	19003	9	1	0	0
82IC	39	19072	9	1	0	0
82IC	39	-15040	5	2	1	4
82IC	39	17059	7	1	0	5
82IC	39	18034	8	2	0	2
82IC	39	19044	9	1	0	0
82IC	39	-16027	6	2	1	4
82IC	39	18020	8	1	1	4
82IC	39	19068	9	1	0	0
82IC	39	-15035	5	3	0	3
